           1  1.262177448353619E-029
           2  3.944304526105060E-030
           3  2.524354896707238E-029
           4  1.341063538875720E-029
           5  2.839899258795642E-029
           6  3.155443620884047E-030
           7  1.341063538875720E-029
           8  3.081487911019577E-033
           9  1.341063538875720E-029
          10  7.099748146989106E-030
          11  4.930380657631324E-030
          12  1.262177448353619E-029
          13  2.051038353574630E-029
          14  2.524354896707238E-029
          15  4.267860756762115E-030
          16  1.341063538875720E-029
          17  2.287696625140934E-029
          18  1.972152263052530E-029
          19  2.016525688971211E-029
          20  1.025519176787315E-029
          21  5.571330143123397E-030
          22  3.266377185680752E-030
          23  3.204747427460360E-030
          24  3.599177880070866E-030
          25  5.053640174072107E-031
          26  1.787262988391355E-030
          27  9.860761315262650E-032
          28  8.874685183736381E-031
          29  7.403274706224535E-031
          30  3.944304526105060E-031
          31  1.281898970984144E-030
          32  6.465154230313513E-030
          33  7.346267179870671E-030
          34  6.144486894573038E-030
          35  9.373886225321553E-030
          36  8.089098359420829E-030
          37  1.041542913924617E-029
          38  1.279818966644206E-029
          39  7.444297014039981E-030
          40  1.370183599634855E-029
          41  1.247463343578501E-029
          42  1.408317012533722E-029
          43  1.196618793046677E-029
          44  6.555528492953883E-030
          45  8.042683447761097E-030
          46  1.458468228285566E-029
          47  1.418177773848985E-029
          48  8.443276876193642E-030
          49  1.281898970984144E-029
          50  1.220577361554854E-029
          51  6.587173929352596E-030
          52  1.267107829011250E-029
          53  1.424880010055453E-029
          54  9.321500930834222E-030
          55  1.362017656670653E-029
          56  1.385436964794402E-029
          57  2.767176144095580E-029
          58  1.789461256866941E-029
          59  1.974925602172447E-029
          60  3.392410041241453E-029
          61  2.637830689030534E-029
          62  2.964699519191935E-029
          63  3.363752203668971E-029
          64  4.679239392883228E-029
          65  5.448827605817010E-029
          66  4.567836651741730E-029
          67  5.183641665244977E-029
          68  4.020083996238826E-029
          69  4.966426589692687E-029
          70  3.848998840219516E-029
          71  3.524251050612827E-029
          72  4.242967959900108E-029
          73  3.962866290427019E-029
          74  3.694212374423038E-029
          75  3.118750897870618E-029
          76  1.501359367467283E-029
          77  1.712870632664291E-029
          78  5.910281313973661E-030
          79  7.885530769629890E-030
          80  2.927305580947271E-030
          81  3.422261651918607E-031
          82  4.118379822362799E-031
          83  3.388128346917730E-030
          84  1.088315773870258E-029
          85  7.310333755986398E-030
          86  1.896498792765774E-029
          87  2.053819409921586E-029
          88  2.962491818961575E-029
          89  2.994227469489136E-029
          90  3.194314117709431E-029
          91  3.778954893863213E-029
          92  4.734528185581928E-029
          93  3.726964236848255E-029
          94  4.504421415383685E-029
          95  4.477534211437996E-029
          96  3.979227252601124E-029
          97  2.614410384921162E-029
          98  3.667451941766092E-029
          99  3.026291588092592E-029
         100  2.001753651493811E-029
         101  2.461601426454004E-029
         102  4.244725995146800E-029
         103  5.108821758753550E-029
         104  6.035131863904785E-029
         105  1.444423346639837E-028
         106  2.044584123672868E-028
         107  2.867556663580272E-028
         108  3.923218402442163E-028
         109  5.412249126316845E-028
         110  6.890606781726188E-028
         111  8.999157984604846E-028
         112  1.128505349768820E-027
         113  1.430588066704761E-027
         114  1.709676792377535E-027
         115  2.032453957973215E-027
         116  2.275470452107543E-027
         117  2.862005646118512E-027
         118  3.155086445458866E-027
         119  3.517473177805997E-027
         120  3.699220299577700E-027
         121  3.967919318993885E-027
         122  4.440460193404609E-027
         123  4.344953607587426E-027
         124  4.166713146292060E-027
         125  4.070005881261794E-027
         126  3.802680974340990E-027
         127  3.407051625563844E-027
         128  2.967105848239540E-027
         129  2.340910903274986E-027
         130  1.996262292529432E-027
         131  1.409378669409928E-027
         132  8.836482725701877E-028
         133  5.097159443114757E-028
         134  1.724621444508896E-028
         135  2.969640854134944E-029
         136  2.764709435238422E-030
         137  1.249852105504583E-028
         138  3.033144858958833E-028
         139  7.467459712597241E-028
         140  1.203479479967780E-027
         141  1.544159693578513E-027
         142  2.226355933731915E-027
         143  2.709696971138831E-027
         144  3.118125611262592E-027
         145  3.596614449808394E-027
         146  3.840643088472163E-027
         147  4.105506885626898E-027
         148  4.250482933208477E-027
         149  4.315861204538583E-027
         150  4.200370991908774E-027
         151  4.030700926697905E-027
         152  3.672777125409640E-027
         153  3.448723385236895E-027
         154  3.160906760600916E-027
         155  2.793252538090023E-027
         156  2.456308059839424E-027
         157  2.162105763829645E-027
         158  1.793241543945652E-027
         159  1.590315451759905E-027
         160  1.277960254728014E-027
         161  1.084098242105699E-027
         162  9.291935153107881E-028
         163  7.699381839635041E-028
         164  6.748040789636911E-028
         165  5.585871730455260E-028
         166  4.481512584537221E-028
         167  4.101900081434936E-028
         168  3.615765391834994E-028
         169  3.391563869271316E-028
         170  3.304284390313010E-028
         171  3.022637161112976E-028
         172  3.021667454009202E-028
         173  2.720638390256628E-028
         174  2.731443486086217E-028
         175  2.727741804501342E-028
         176  2.476826396880957E-028
         177  2.496103471667213E-028
         178  2.601355970442405E-028
         179  2.300813278014310E-028
         180  2.113301669149850E-028
         181  1.676199008277144E-028
         182  1.634741695354649E-028
         183  1.311375916054202E-028
         184  8.238124581641447E-029
         185  7.296916555665352E-029
         186  4.811355848426281E-029
         187  3.642813673567728E-029
         188  7.903585436388975E-030
         189  5.452201994146606E-030
         190  2.027683256778317E-030
         191  8.355425690531914E-030
         192  3.146073310156414E-029
         193  4.095647412008978E-029
         194  5.600894681473058E-029
         195  7.079674004694815E-029
         196  1.141976220061636E-028
         197  1.454809510672189E-028
         198  1.584642060594278E-028
         199  1.705120478187853E-028
         200  2.560175174651090E-028
         201  2.221373861504059E-028
         202  2.812809012441085E-028
         203  2.544463895777383E-028
         204  2.257221460371643E-028
         205  3.048540578056598E-028
         206  2.379701244373156E-028
         207  2.450758531234035E-028
         208  2.753282657598531E-028
         209  2.650881309432006E-028
         210  2.506379289756610E-028
         211  2.759681314366150E-028
         212  3.055775288649013E-028
         213  3.567872076903948E-028
         214  4.040025802216812E-028
         215  4.383089416168701E-028
         216  5.691141793573894E-028
         217  6.584323553034903E-028
         218  7.796665758518179E-028
         219  9.304361237664769E-028
         220  1.036604492509468E-027
         221  1.337203397488185E-027
         222  1.466209338187426E-027
         223  1.657256217131654E-027
         224  1.979449996797802E-027
         225  2.355344529251547E-027
         226  2.460982749666159E-027
         227  2.707817442465610E-027
         228  2.788802026255116E-027
         229  3.004797043596338E-027
         230  3.044110233030888E-027
         231  3.034464405497418E-027
         232  3.003390681402697E-027
         233  2.947926980492255E-027
         234  2.711277953389686E-027
         235  2.359643204887419E-027
         236  2.015293286399798E-027
         237  1.770302478929103E-027
         238  1.266318968106029E-027
         239  9.407166294760566E-028
         240  5.974173057730985E-028
         241  3.352658847189301E-028
         242  1.124619828005705E-028
         243  1.482889019980396E-029
         244  1.799588940035433E-029
         245  8.539419299017454E-029
         246  2.969198491542024E-028
         247  6.214375040394960E-028
         248  9.744404331742550E-028
         249  1.364137720353434E-027
         250  1.665070437139762E-027
         251  2.022047715307759E-027
         252  2.196977621040518E-027
         253  2.631689283623872E-027
         254  2.768112916420531E-027
         255  2.696523789271724E-027
         256  3.017392962470370E-027
         257  2.982695408592290E-027
         258  2.922519534886916E-027
         259  2.714159577920726E-027
         260  2.575228531790486E-027
         261  2.260001030316917E-027
         262  1.983716509403602E-027
         263  1.753071183716671E-027
         264  1.506608881509029E-027
         265  1.212927760408743E-027
         266  9.160695410127609E-028
         267  7.251645399108578E-028
         268  5.858544557212350E-028
         269  3.619725626647534E-028
         270  2.998829405218908E-028
         271  2.309806573617189E-028
         272  1.826969886054786E-028
         273  1.386278596180099E-028
         274  1.264527564368257E-028
         275  1.339496313383475E-028
         276  1.847484891822400E-028
         277  1.846404926606084E-028
         278  2.640928112883369E-028
         279  3.051427996447582E-028
         280  3.855764230254231E-028
         281  4.328008060500470E-028
         282  5.389582541684003E-028
         283  5.026627562154618E-028
         284  5.657818480989101E-028
         285  5.793180210181204E-028
         286  5.576640052350694E-028
         287  5.346000672972465E-028
         288  5.239067264670252E-028
         289  4.591640515663341E-028
         290  4.271459477233825E-028
         291  3.166993422760538E-028
         292  3.017747815062623E-028
         293  1.742605006323390E-028
         294  1.281885489474533E-028
         295  5.106025468559440E-029
         296  2.724901981816281E-029
         297  3.927789676831938E-030
         298  3.994378704659127E-030
         299  4.154153852845492E-029
         300  5.857254906373339E-029
         301  1.329361588533623E-028
         302  1.971813299382317E-028
         303  2.743209871867626E-028
         304  3.351919290090655E-028
         305  4.391644126147772E-028
         306  5.036537916165948E-028
         307  6.000139528576808E-028
         308  5.475804017881789E-028
         309  6.685842690780958E-028
         310  6.656044702681397E-028
         311  6.724669438459804E-028
         312  6.696073230645542E-028
         313  6.357479338982711E-028
         314  5.805569958254691E-028
         315  5.952479382837407E-028
         316  5.602668875178465E-028
         317  4.950602922047390E-028
         318  4.755506218680964E-028
         319  4.187495552042724E-028
         320  4.311648699977703E-028
         321  3.917124899561970E-028
         322  3.949982211860545E-028
         323  3.631273955818407E-028
         324  3.780738065982096E-028
         325  3.991498445497705E-028
         326  4.555656603822715E-028
         327  4.380258978938873E-028
         328  5.191311752808169E-028
         329  5.331578306375912E-028
         330  5.996334146904558E-028
         331  6.447870205124107E-028
         332  7.011056171821654E-028
         333  8.245016001890781E-028
         334  9.130324200656274E-028
         335  9.544616666015173E-028
         336  9.845180595737705E-028
         337  1.037387016513262E-027
         338  1.038689360284924E-027
         339  1.010250527834254E-027
         340  9.974515394898391E-028
         341  9.342043824851754E-028
         342  8.938757198707365E-028
         343  7.551607326458450E-028
         344  6.217180849905271E-028
         345  5.577524787212293E-028
         346  4.071528117919668E-028
         347  2.881595222422902E-028
         348  1.752585514640048E-028
         349  8.381620913434073E-029
         350  3.512649560066633E-029
         351  2.078001564390532E-030
         352  8.981328005822050E-030
         353  4.652495688902507E-029
         354  1.155675742666116E-028
         355  1.986894200935895E-028
         356  3.621463699145276E-028
         357  4.106851287528474E-028
         358  5.844947751422319E-028
         359  6.959634106127030E-028
         360  7.542516790296366E-028
         361  8.569230331258234E-028
         362  8.808292564737746E-028
         363  8.909822080536479E-028
         364  9.978695030377915E-028
         365  8.660963179621677E-028
         366  8.950125015241248E-028
         367  8.039460506257814E-028
         368  7.227392533452223E-028
         369  6.096696560417312E-028
         370  5.197006676904956E-028
         371  4.363587308524670E-028
         372  4.033996406850224E-028
         373  2.431227754526945E-028
         374  2.180556344525994E-028
         375  1.499238132672263E-028
         376  1.514695426779138E-028
         377  2.011113265293625E-028
         378  1.934177509060069E-028
         379  3.250559227910136E-028
         380  3.512984677910428E-028
         381  5.469051057953469E-028
         382  6.563128673206600E-028
         383  8.990518966189131E-028
         384  1.171479638942701E-027
         385  1.369251386143117E-027
         386  1.593865742364082E-027
         387  1.863654126796784E-027
         388  2.018482862344686E-027
         389  2.205519127147324E-027
         390  2.506882385890904E-027
         391  2.505707522955849E-027
         392  2.793738964575575E-027
         393  2.871836060936977E-027
         394  2.579288959366196E-027
         395  2.616116547533140E-027
         396  2.327181726735797E-027
         397  2.053322995462073E-027
         398  1.736158136662056E-027
         399  1.364029940789595E-027
         400  1.077058867108246E-027
         401  7.005549398143316E-028
         402  4.337976891053120E-028
         403  2.254431999978332E-028
         404  9.797749821620376E-029
         405  6.944172671135089E-029
         406  2.377668039785472E-028
         407  1.023629804537852E-027
         408  3.484835847857153E-027
         409  1.217752205683235E-026
         410  4.342450064183571E-026
         411  1.543351807137384E-025
         412  5.401202724194469E-025
         413  1.869152340975070E-024
         414  6.380105171933038E-024
         415  2.149710838633867E-023
         416  7.147529839696567E-023
         417  2.346584430593349E-022
         418  7.607644723209776E-022
         419  2.436068110864923E-021
         420  7.703925510984722E-021
         421  2.406471677666017E-020
         422  7.424826312431808E-020
         423  2.262747510780495E-019
         424  6.811386658130015E-019
         425  2.025282202684639E-018
         426  5.948219771989576E-018
         427  1.725601276524734E-017
         428  4.944771907706164E-017
         429  1.399601688700953E-016
         430  3.913048361957489E-016
         431  1.080633723436489E-015
         432  2.947775162205188E-015
         433  7.942601466617411E-015
         434  2.113896692760176E-014
         435  5.557216374513662E-014
         436  1.443056801374162E-013
         437  3.701366686524875E-013
         438  9.377635903274270E-013
         439  2.346805990815797E-012
         440  5.801143062485640E-012
         441  1.416454182482515E-011
         442  3.416206014325852E-011
         443  8.138383316670838E-011
         444  1.915070630106751E-010
         445  4.451270806940401E-010
         446  1.021964485694355E-009
         447  2.317608938443943E-009
         448  5.191550424924733E-009
         449  1.148699844436311E-008
         450  2.510548490122204E-008
         451  5.419799641304539E-008
         452  1.155714110829295E-007
         453  2.434277954443480E-007
         454  5.064568881989788E-007
         455  1.040800194235916E-006
         456  2.112733959397459E-006
         457  4.236184118039631E-006
         458  8.389912052905482E-006
         459  1.641317330477538E-005
         460  3.171613575624008E-005
         461  6.053695150692005E-005
         462  1.141335674988311E-004
         463  2.125488715541380E-004
         464  3.909820154277673E-004
         465  7.104071510790936E-004
         466  1.275000731942717E-003
         467  2.260300128970681E-003
         468  3.957986892616799E-003
         469  6.845972647249840E-003
         470  1.169630093273321E-002
         471  1.973851490148174E-002
         472  3.290280928308274E-002
         473  5.417564025166361E-002
         474  8.811050513864223E-002
         475  0.141548051597403     
         476  0.224611850799270     
         477  0.352057826388237     
         478  0.545064511154191     
         479  0.833555219649859     
         480   1.25913823106588     
         481   1.87873277523956     
         482   2.76891216475480     
         483   4.03093609299262     
         484   5.79635815448055     
         485   8.23298033864388     
         486   11.5507852642639     
         487   16.0073156210381     
         488   21.9118008580468     
         489   29.6271722513553     
         490   39.5689839664402     
         491   52.2001993133319     
         492   68.0208398450180     
         493   87.5516599320029     
         494   111.311323166233     
         495   139.787028221930     
         496   173.399150379050     
         497   212.461197179757     
         498   257.137163915417     
         499   307.399134875739     
         500   362.988610499533     
         501   423.385443101856     
         502   487.788336464812     
         503   555.110532356304     
         504   623.993533958198     
         505   692.840517529147     
         506   759.869532603550     
         507   823.184817443736     
         508   880.862736460317     
         509   931.047183590343     
         510   972.047996130507     
         511   1002.43516709135     
         512   1021.12155730974     
