  0.16000000E+04  0.00000000E+00  0.00000000E+00  0.00000000E+00
  0.16013685E+04  0.00000000E+00  0.00000000E+00  0.00000000E+00
  0.16027370E+04  0.00000000E+00  0.00000000E+00  0.00000000E+00
  0.16041056E+04  0.00000000E+00  0.00000000E+00  0.00000000E+00
  0.16054741E+04  0.00000000E+00  0.00000000E+00  0.00000000E+00
  0.16068426E+04  0.00000000E+00  0.00000000E+00  0.00000000E+00
  0.16082111E+04  0.00000000E+00  0.00000000E+00  0.00000000E+00
  0.16095797E+04  0.00000000E+00  0.00000000E+00  0.00000000E+00
  0.16109482E+04  0.00000000E+00  0.00000000E+00  0.00000000E+00
  0.16123167E+04  0.00000000E+00  0.00000000E+00  0.00000000E+00
  0.16136852E+04  0.00000000E+00  0.00000000E+00  0.00000000E+00
  0.16150538E+04  0.00000000E+00  0.00000000E+00  0.00000000E+00
  0.16164223E+04  0.00000000E+00  0.00000000E+00  0.00000000E+00
  0.16177908E+04  0.00000000E+00  0.00000000E+00  0.00000000E+00
  0.16191593E+04  0.00000000E+00  0.00000000E+00  0.00000000E+00
  0.16205279E+04  0.00000000E+00  0.00000000E+00  0.00000000E+00
  0.16218964E+04  0.00000000E+00  0.00000000E+00  0.00000000E+00
  0.16232649E+04  0.00000000E+00  0.00000000E+00  0.00000000E+00
  0.16246334E+04  0.00000000E+00  0.00000000E+00  0.00000000E+00
  0.16260020E+04  0.00000000E+00  0.00000000E+00  0.00000000E+00
  0.16273705E+04  0.00000000E+00  0.00000000E+00  0.00000000E+00
  0.16287390E+04  0.00000000E+00  0.00000000E+00  0.00000000E+00
  0.16301075E+04  0.00000000E+00  0.00000000E+00  0.00000000E+00
  0.16314761E+04  0.00000000E+00  0.00000000E+00  0.00000000E+00
  0.16328446E+04  0.00000000E+00  0.00000000E+00  0.00000000E+00
  0.16342131E+04  0.00000000E+00  0.00000000E+00  0.00000000E+00
  0.16355816E+04  0.00000000E+00  0.00000000E+00  0.00000000E+00
  0.16369501E+04  0.00000000E+00  0.00000000E+00  0.00000000E+00
  0.16383187E+04  0.00000000E+00  0.00000000E+00  0.00000000E+00
  0.16396872E+04  0.00000000E+00  0.00000000E+00  0.00000000E+00
  0.16410557E+04  0.00000000E+00  0.00000000E+00  0.00000000E+00
  0.16424242E+04  0.00000000E+00  0.00000000E+00  0.00000000E+00
  0.16437928E+04  0.00000000E+00  0.00000000E+00  0.00000000E+00
  0.16451613E+04  0.00000000E+00  0.00000000E+00  0.00000000E+00
  0.16465298E+04  0.00000000E+00  0.00000000E+00  0.00000000E+00
  0.16478983E+04  0.00000000E+00  0.00000000E+00  0.00000000E+00
  0.16492669E+04  0.00000000E+00  0.00000000E+00  0.00000000E+00
  0.16506354E+04  0.00000000E+00  0.00000000E+00  0.00000000E+00
  0.16520039E+04  0.00000000E+00  0.00000000E+00  0.00000000E+00
  0.16533724E+04  0.00000000E+00  0.00000000E+00  0.00000000E+00
  0.16547410E+04  0.00000000E+00  0.00000000E+00  0.00000000E+00
  0.16561095E+04  0.00000000E+00  0.00000000E+00  0.00000000E+00
  0.16574780E+04  0.00000000E+00  0.00000000E+00  0.00000000E+00
  0.16588465E+04  0.00000000E+00  0.00000000E+00  0.00000000E+00
  0.16602151E+04  0.00000000E+00  0.00000000E+00  0.00000000E+00
  0.16615836E+04  0.00000000E+00  0.00000000E+00  0.00000000E+00
  0.16629521E+04  0.00000000E+00  0.00000000E+00  0.00000000E+00
  0.16643206E+04  0.00000000E+00  0.00000000E+00  0.00000000E+00
  0.16656891E+04  0.00000000E+00  0.00000000E+00  0.00000000E+00
  0.16670577E+04  0.00000000E+00  0.00000000E+00  0.00000000E+00
  0.16684262E+04  0.00000000E+00  0.00000000E+00  0.00000000E+00
  0.16697947E+04  0.00000000E+00  0.00000000E+00  0.00000000E+00
  0.16711632E+04  0.00000000E+00  0.00000000E+00  0.00000000E+00
  0.16725318E+04  0.00000000E+00  0.00000000E+00  0.00000000E+00
  0.16739003E+04  0.00000000E+00  0.00000000E+00  0.00000000E+00
  0.16752688E+04  0.00000000E+00  0.00000000E+00  0.00000000E+00
  0.16766373E+04  0.00000000E+00  0.00000000E+00  0.00000000E+00
  0.16780059E+04  0.00000000E+00  0.00000000E+00  0.00000000E+00
  0.16793744E+04  0.00000000E+00  0.00000000E+00  0.00000000E+00
  0.16807429E+04  0.00000000E+00  0.00000000E+00  0.00000000E+00
  0.16821114E+04  0.00000000E+00  0.00000000E+00  0.00000000E+00
  0.16834800E+04  0.00000000E+00  0.00000000E+00  0.00000000E+00
  0.16848485E+04  0.00000000E+00  0.00000000E+00  0.00000000E+00
  0.16862170E+04  0.00000000E+00  0.00000000E+00  0.00000000E+00
  0.16875855E+04  0.00000000E+00  0.00000000E+00  0.00000000E+00
  0.16889541E+04  0.00000000E+00  0.00000000E+00  0.00000000E+00
  0.16903226E+04  0.00000000E+00  0.00000000E+00  0.00000000E+00
  0.16916911E+04  0.00000000E+00  0.00000000E+00  0.00000000E+00
  0.16930596E+04  0.00000000E+00  0.00000000E+00  0.00000000E+00
  0.16944282E+04  0.00000000E+00  0.00000000E+00  0.00000000E+00
  0.16957967E+04  0.00000000E+00  0.00000000E+00  0.00000000E+00
  0.16971652E+04  0.00000000E+00  0.00000000E+00  0.00000000E+00
  0.16985337E+04  0.00000000E+00  0.00000000E+00  0.00000000E+00
  0.16999022E+04  0.00000000E+00  0.00000000E+00  0.00000000E+00
  0.17012708E+04  0.00000000E+00  0.00000000E+00  0.00000000E+00
  0.17026393E+04  0.00000000E+00  0.00000000E+00  0.00000000E+00
  0.17040078E+04  0.00000000E+00  0.00000000E+00  0.00000000E+00
  0.17053763E+04  0.00000000E+00  0.00000000E+00  0.00000000E+00
  0.17067449E+04  0.00000000E+00  0.00000000E+00  0.00000000E+00
  0.17081134E+04  0.00000000E+00  0.00000000E+00  0.00000000E+00
  0.17094819E+04  0.00000000E+00  0.00000000E+00  0.00000000E+00
  0.17108504E+04  0.00000000E+00  0.00000000E+00  0.00000000E+00
  0.17122190E+04  0.00000000E+00  0.00000000E+00  0.00000000E+00
  0.17135875E+04  0.00000000E+00  0.00000000E+00  0.00000000E+00
  0.17149560E+04  0.00000000E+00  0.00000000E+00  0.00000000E+00
  0.17163245E+04  0.00000000E+00  0.00000000E+00  0.00000000E+00
  0.17176931E+04  0.00000000E+00  0.00000000E+00  0.00000000E+00
  0.17190616E+04  0.00000000E+00  0.00000000E+00  0.00000000E+00
  0.17204301E+04  0.00000000E+00  0.00000000E+00  0.00000000E+00
  0.17217986E+04  0.00000000E+00  0.00000000E+00  0.00000000E+00
  0.17231672E+04  0.00000000E+00  0.00000000E+00  0.00000000E+00
  0.17245357E+04  0.00000000E+00  0.00000000E+00  0.00000000E+00
  0.17259042E+04  0.00000000E+00  0.00000000E+00  0.00000000E+00
  0.17272727E+04  0.00000000E+00  0.00000000E+00  0.00000000E+00
  0.17286413E+04  0.00000000E+00  0.00000000E+00  0.00000000E+00
  0.17300098E+04  0.00000000E+00  0.00000000E+00  0.00000000E+00
  0.17313783E+04  0.00000000E+00  0.00000000E+00  0.00000000E+00
  0.17327468E+04  0.00000000E+00  0.00000000E+00  0.00000000E+00
  0.17341153E+04  0.00000000E+00  0.00000000E+00  0.00000000E+00
  0.17354839E+04  0.00000000E+00  0.00000000E+00  0.00000000E+00
  0.17368524E+04  0.00000000E+00  0.00000000E+00  0.00000000E+00
  0.17382209E+04  0.00000000E+00  0.00000000E+00  0.00000000E+00
  0.17395894E+04  0.00000000E+00  0.00000000E+00  0.00000000E+00
  0.17409580E+04  0.00000000E+00  0.00000000E+00  0.00000000E+00
  0.17423265E+04  0.00000000E+00  0.00000000E+00  0.00000000E+00
  0.17436950E+04  0.00000000E+00  0.00000000E+00  0.00000000E+00
  0.17450635E+04  0.00000000E+00  0.00000000E+00  0.00000000E+00
  0.17464321E+04  0.00000000E+00  0.00000000E+00  0.00000000E+00
  0.17478006E+04  0.00000000E+00  0.00000000E+00  0.00000000E+00
  0.17491691E+04  0.00000000E+00  0.00000000E+00  0.00000000E+00
  0.17505376E+04  0.00000000E+00  0.00000000E+00  0.00000000E+00
  0.17519062E+04  0.00000000E+00  0.00000000E+00  0.00000000E+00
  0.17532747E+04  0.00000000E+00  0.00000000E+00  0.00000000E+00
  0.17546432E+04  0.00000000E+00  0.00000000E+00  0.00000000E+00
  0.17560117E+04  0.00000000E+00  0.00000000E+00  0.00000000E+00
  0.17573803E+04  0.00000000E+00  0.00000000E+00  0.00000000E+00
  0.17587488E+04  0.00000000E+00  0.00000000E+00  0.00000000E+00
  0.17601173E+04  0.00000000E+00  0.00000000E+00  0.00000000E+00
  0.17614858E+04  0.00000000E+00  0.00000000E+00  0.00000000E+00
  0.17628543E+04  0.00000000E+00  0.00000000E+00  0.00000000E+00
  0.17642229E+04  0.00000000E+00  0.00000000E+00  0.00000000E+00
  0.17655914E+04  0.00000000E+00  0.00000000E+00  0.00000000E+00
  0.17669599E+04  0.00000000E+00  0.00000000E+00  0.00000000E+00
  0.17683284E+04  0.00000000E+00  0.00000000E+00  0.00000000E+00
  0.17696970E+04  0.00000000E+00  0.00000000E+00  0.00000000E+00
  0.17710655E+04  0.00000000E+00  0.00000000E+00  0.00000000E+00
  0.17724340E+04  0.00000000E+00  0.00000000E+00  0.00000000E+00
  0.17738025E+04  0.00000000E+00  0.00000000E+00  0.00000000E+00
  0.17751711E+04  0.00000000E+00  0.00000000E+00  0.00000000E+00
  0.17765396E+04  0.00000000E+00  0.00000000E+00  0.00000000E+00
  0.17779081E+04  0.00000000E+00  0.00000000E+00  0.00000000E+00
  0.17792766E+04  0.00000000E+00  0.00000000E+00  0.00000000E+00
  0.17806452E+04  0.00000000E+00  0.00000000E+00  0.00000000E+00
  0.17820137E+04  0.00000000E+00  0.00000000E+00  0.00000000E+00
  0.17833822E+04  0.00000000E+00  0.00000000E+00  0.00000000E+00
  0.17847507E+04  0.00000000E+00  0.00000000E+00  0.00000000E+00
  0.17861193E+04  0.00000000E+00  0.00000000E+00  0.00000000E+00
  0.17874878E+04  0.00000000E+00  0.00000000E+00  0.00000000E+00
  0.17888563E+04  0.00000000E+00  0.00000000E+00  0.00000000E+00
  0.17902248E+04  0.00000000E+00  0.00000000E+00  0.00000000E+00
  0.17915934E+04  0.00000000E+00  0.00000000E+00  0.00000000E+00
  0.17929619E+04  0.00000000E+00  0.00000000E+00  0.00000000E+00
  0.17943304E+04  0.00000000E+00  0.00000000E+00  0.00000000E+00
  0.17956989E+04  0.00000000E+00  0.00000000E+00  0.00000000E+00
  0.17970674E+04  0.00000000E+00  0.00000000E+00  0.00000000E+00
  0.17984360E+04  0.00000000E+00  0.00000000E+00  0.00000000E+00
  0.17998045E+04  0.00000000E+00  0.00000000E+00  0.00000000E+00
  0.18011730E+04  0.00000000E+00  0.00000000E+00  0.00000000E+00
  0.18025415E+04  0.00000000E+00  0.00000000E+00  0.00000000E+00
  0.18039101E+04  0.00000000E+00  0.00000000E+00  0.00000000E+00
  0.18052786E+04  0.00000000E+00  0.00000000E+00  0.00000000E+00
  0.18066471E+04  0.00000000E+00  0.00000000E+00  0.00000000E+00
  0.18080156E+04  0.00000000E+00  0.00000000E+00  0.00000000E+00
  0.18093842E+04  0.00000000E+00  0.00000000E+00  0.00000000E+00
  0.18107527E+04  0.00000000E+00  0.00000000E+00  0.00000000E+00
  0.18121212E+04  0.00000000E+00  0.00000000E+00  0.00000000E+00
  0.18134897E+04  0.00000000E+00  0.00000000E+00  0.00000000E+00
  0.18148583E+04  0.00000000E+00  0.00000000E+00  0.00000000E+00
  0.18162268E+04  0.00000000E+00  0.00000000E+00  0.00000000E+00
  0.18175953E+04  0.00000000E+00  0.00000000E+00  0.00000000E+00
  0.18189638E+04  0.00000000E+00  0.00000000E+00  0.00000000E+00
  0.18203324E+04  0.00000000E+00  0.00000000E+00  0.00000000E+00
  0.18217009E+04  0.00000000E+00  0.00000000E+00  0.00000000E+00
  0.18230694E+04  0.00000000E+00  0.00000000E+00  0.00000000E+00
  0.18244379E+04  0.00000000E+00  0.00000000E+00  0.00000000E+00
  0.18258065E+04  0.00000000E+00  0.00000000E+00  0.00000000E+00
  0.18271750E+04  0.00000000E+00  0.00000000E+00  0.00000000E+00
  0.18285435E+04  0.00000000E+00  0.00000000E+00  0.00000000E+00
  0.18299120E+04  0.00000000E+00  0.00000000E+00  0.00000000E+00
  0.18312805E+04  0.00000000E+00  0.00000000E+00  0.00000000E+00
  0.18326491E+04  0.00000000E+00  0.00000000E+00  0.00000000E+00
  0.18340176E+04  0.00000000E+00  0.00000000E+00  0.00000000E+00
  0.18353861E+04  0.00000000E+00  0.00000000E+00  0.00000000E+00
  0.18367546E+04  0.00000000E+00  0.00000000E+00  0.00000000E+00
  0.18381232E+04  0.00000000E+00  0.00000000E+00  0.00000000E+00
  0.18394917E+04  0.00000000E+00  0.00000000E+00  0.00000000E+00
  0.18408602E+04  0.00000000E+00  0.00000000E+00  0.00000000E+00
  0.18422287E+04  0.00000000E+00  0.00000000E+00  0.00000000E+00
  0.18435973E+04  0.00000000E+00  0.00000000E+00  0.00000000E+00
  0.18449658E+04  0.00000000E+00  0.00000000E+00  0.00000000E+00
  0.18463343E+04  0.00000000E+00  0.00000000E+00  0.00000000E+00
  0.18477028E+04  0.00000000E+00  0.00000000E+00  0.00000000E+00
  0.18490714E+04  0.00000000E+00  0.00000000E+00  0.00000000E+00
  0.18504399E+04  0.00000000E+00  0.00000000E+00  0.00000000E+00
  0.18518084E+04  0.00000000E+00  0.00000000E+00  0.00000000E+00
  0.18531769E+04  0.00000000E+00  0.00000000E+00  0.00000000E+00
  0.18545455E+04  0.00000000E+00  0.00000000E+00  0.00000000E+00
  0.18559140E+04  0.00000000E+00  0.00000000E+00  0.00000000E+00
  0.18572825E+04  0.00000000E+00  0.00000000E+00  0.00000000E+00
  0.18586510E+04  0.00000000E+00  0.00000000E+00  0.00000000E+00
  0.18600196E+04  0.00000000E+00  0.00000000E+00  0.00000000E+00
  0.18613881E+04  0.00000000E+00  0.00000000E+00  0.00000000E+00
  0.18627566E+04  0.00000000E+00  0.00000000E+00  0.00000000E+00
  0.18641251E+04  0.00000000E+00  0.00000000E+00  0.00000000E+00
  0.18654936E+04  0.00000000E+00  0.00000000E+00  0.00000000E+00
  0.18668622E+04  0.00000000E+00  0.00000000E+00  0.00000000E+00
  0.18682307E+04  0.00000000E+00  0.00000000E+00  0.00000000E+00
  0.18695992E+04  0.00000000E+00  0.00000000E+00  0.00000000E+00
  0.18709677E+04  0.00000000E+00  0.00000000E+00  0.00000000E+00
  0.18723363E+04  0.00000000E+00  0.00000000E+00  0.00000000E+00
  0.18737048E+04  0.00000000E+00  0.00000000E+00  0.00000000E+00
  0.18750733E+04  0.00000000E+00  0.00000000E+00  0.00000000E+00
  0.18764418E+04  0.00000000E+00  0.00000000E+00  0.00000000E+00
  0.18778104E+04  0.00000000E+00  0.00000000E+00  0.00000000E+00
  0.18791789E+04  0.00000000E+00  0.00000000E+00  0.00000000E+00
  0.18805474E+04  0.00000000E+00  0.00000000E+00  0.00000000E+00
  0.18819159E+04  0.00000000E+00  0.00000000E+00  0.00000000E+00
  0.18832845E+04  0.00000000E+00  0.00000000E+00  0.00000000E+00
  0.18846530E+04  0.00000000E+00  0.00000000E+00  0.00000000E+00
  0.18860215E+04  0.00000000E+00  0.00000000E+00  0.00000000E+00
  0.18873900E+04  0.00000000E+00  0.00000000E+00  0.00000000E+00
  0.18887586E+04  0.00000000E+00  0.00000000E+00  0.00000000E+00
  0.18901271E+04  0.00000000E+00  0.00000000E+00  0.00000000E+00
  0.18914956E+04  0.00000000E+00  0.00000000E+00  0.00000000E+00
  0.18928641E+04  0.00000000E+00  0.00000000E+00  0.00000000E+00
  0.18942326E+04  0.00000000E+00  0.00000000E+00  0.00000000E+00
  0.18956012E+04  0.00000000E+00  0.00000000E+00  0.00000000E+00
  0.18969697E+04  0.00000000E+00  0.00000000E+00  0.00000000E+00
  0.18983382E+04  0.00000000E+00  0.00000000E+00  0.00000000E+00
  0.18997067E+04  0.00000000E+00  0.00000000E+00  0.00000000E+00
  0.19010753E+04  0.00000000E+00  0.00000000E+00  0.00000000E+00
  0.19024438E+04  0.00000000E+00  0.00000000E+00  0.00000000E+00
  0.19038123E+04  0.00000000E+00  0.00000000E+00  0.00000000E+00
  0.19051808E+04  0.00000000E+00  0.00000000E+00  0.00000000E+00
  0.19065494E+04  0.00000000E+00  0.00000000E+00  0.00000000E+00
  0.19079179E+04  0.00000000E+00  0.00000000E+00  0.00000000E+00
  0.19092864E+04  0.00000000E+00  0.00000000E+00  0.00000000E+00
  0.19106549E+04  0.00000000E+00  0.00000000E+00  0.00000000E+00
  0.19120235E+04  0.00000000E+00  0.00000000E+00  0.00000000E+00
  0.19133920E+04  0.00000000E+00  0.00000000E+00  0.00000000E+00
  0.19147605E+04  0.00000000E+00  0.00000000E+00  0.00000000E+00
  0.19161290E+04  0.00000000E+00  0.00000000E+00  0.00000000E+00
  0.19174976E+04  0.00000000E+00  0.00000000E+00  0.00000000E+00
  0.19188661E+04  0.00000000E+00  0.00000000E+00  0.00000000E+00
  0.19202346E+04  0.00000000E+00  0.00000000E+00  0.00000000E+00
  0.19216031E+04  0.00000000E+00  0.00000000E+00  0.00000000E+00
  0.19229717E+04  0.00000000E+00  0.00000000E+00  0.00000000E+00
  0.19243402E+04  0.00000000E+00  0.00000000E+00  0.00000000E+00
  0.19257087E+04  0.00000000E+00  0.00000000E+00  0.00000000E+00
  0.19270772E+04  0.00000000E+00  0.00000000E+00  0.00000000E+00
  0.19284457E+04  0.00000000E+00  0.00000000E+00  0.00000000E+00
  0.19298143E+04  0.00000000E+00  0.00000000E+00  0.00000000E+00
  0.19311828E+04  0.00000000E+00  0.00000000E+00  0.00000000E+00
  0.19325513E+04  0.00000000E+00  0.00000000E+00  0.00000000E+00
  0.19339198E+04  0.00000000E+00  0.00000000E+00  0.00000000E+00
  0.19352884E+04  0.20659370E-49  0.00000000E+00  0.42680956E-99
  0.19366569E+04  0.67222954E-49  0.00000000E+00  0.45189256E-98
  0.19380254E+04  0.21740134E-48  0.00000000E+00  0.47263341E-97
  0.19393939E+04  0.69879682E-48  0.00000000E+00  0.48831700E-96
  0.19407625E+04  0.22324602E-47  0.00000000E+00  0.49838785E-95
  0.19421310E+04  0.70886024E-47  0.00000000E+00  0.50248284E-94
  0.19434995E+04  0.22370804E-46  0.00000000E+00  0.50045289E-93
  0.19448680E+04  0.70169225E-46  0.00000000E+00  0.49237201E-92
  0.19462366E+04  0.21875392E-45  0.00000000E+00  0.47853279E-91
  0.19476051E+04  0.67781178E-45  0.00000000E+00  0.45942881E-90
  0.19489736E+04  0.20874038E-44  0.00000000E+00  0.43572545E-89
  0.19503421E+04  0.63892210E-44  0.00000000E+00  0.40822145E-88
  0.19517107E+04  0.19437189E-43  0.00000000E+00  0.37780430E-87
  0.19530792E+04  0.58771000E-43  0.00000000E+00  0.34540304E-86
  0.19544477E+04  0.17661875E-42  0.00000000E+00  0.31194182E-85
  0.19558162E+04  0.52753905E-42  0.00000000E+00  0.27829745E-84
  0.19571848E+04  0.15660893E-41  0.00000000E+00  0.24526357E-83
  0.19585533E+04  0.46208569E-41  0.00000000E+00  0.21352318E-82
  0.19599218E+04  0.13551039E-40  0.00000000E+00  0.18363067E-81
  0.19612903E+04  0.39497244E-40  0.00000000E+00  0.15600323E-80
  0.19626588E+04  0.11442082E-39  0.00000000E+00  0.13092125E-79
  0.19640274E+04  0.32944842E-39  0.00000000E+00  0.10853626E-78
  0.19653959E+04  0.94278766E-39  0.00000000E+00  0.88884858E-78
  0.19667644E+04  0.26815410E-38  0.00000000E+00  0.71906622E-77
  0.19681329E+04  0.75805215E-38  0.00000000E+00  0.57464307E-76
  0.19695015E+04  0.21298932E-37  0.00000000E+00  0.45364449E-75
  0.19708700E+04  0.59478588E-37  0.00000000E+00  0.35377024E-74
  0.19722385E+04  0.16508498E-36  0.00000000E+00  0.27253051E-73
  0.19736070E+04  0.45540582E-36  0.00000000E+00  0.20739446E-72
  0.19749756E+04  0.12486298E-35  0.00000000E+00  0.15590763E-71
  0.19763441E+04  0.34026155E-35  0.00000000E+00  0.11577792E-70
  0.19777126E+04  0.92158662E-35  0.00000000E+00  0.84932190E-70
  0.19790811E+04  0.24808673E-34  0.00000000E+00  0.61547027E-69
  0.19804497E+04  0.66376601E-34  0.00000000E+00  0.44058532E-68
  0.19818182E+04  0.17651051E-33  0.00000000E+00  0.31155961E-67
  0.19831867E+04  0.46651996E-33  0.00000000E+00  0.21764087E-66
  0.19845552E+04  0.12255019E-32  0.00000000E+00  0.15018548E-65
  0.19859238E+04  0.31996452E-32  0.00000000E+00  0.10237729E-64
  0.19872923E+04  0.83029753E-32  0.00000000E+00  0.68939400E-64
  0.19886608E+04  0.21414590E-31  0.00000000E+00  0.45858468E-63
  0.19900293E+04  0.54894633E-31  0.00000000E+00  0.30134208E-62
  0.19913978E+04  0.13986018E-30  0.00000000E+00  0.19560871E-61
  0.19927664E+04  0.35416235E-30  0.00000000E+00  0.12543097E-60
  0.19941349E+04  0.89136338E-30  0.00000000E+00  0.79452867E-60
  0.19955034E+04  0.22297248E-29  0.00000000E+00  0.49716728E-59
  0.19968719E+04  0.55435995E-29  0.00000000E+00  0.30731495E-58
  0.19982405E+04  0.13698610E-28  0.00000000E+00  0.18765193E-57
  0.19996090E+04  0.33643818E-28  0.00000000E+00  0.11319065E-56
  0.20009775E+04  0.82125519E-28  0.00000000E+00  0.67446008E-56
  0.20023460E+04  0.19924850E-27  0.00000000E+00  0.39699967E-55
  0.20037146E+04  0.48045875E-27  0.00000000E+00  0.23084061E-54
  0.20050831E+04  0.11514928E-26  0.00000000E+00  0.13259357E-53
  0.20064516E+04  0.27429030E-26  0.00000000E+00  0.75235171E-53
  0.20078201E+04  0.64938726E-26  0.00000000E+00  0.42170382E-52
  0.20091887E+04  0.15280627E-25  0.00000000E+00  0.23349756E-51
  0.20105572E+04  0.35737377E-25  0.00000000E+00  0.12771601E-50
  0.20119257E+04  0.83070774E-25  0.00000000E+00  0.69007535E-50
  0.20132942E+04  0.19191898E-24  0.00000000E+00  0.36832897E-49
  0.20146628E+04  0.44068849E-24  0.00000000E+00  0.19420635E-48
  0.20160313E+04  0.10057489E-23  0.00000000E+00  0.10115309E-47
  0.20173998E+04  0.22813480E-23  0.00000000E+00  0.52045485E-47
  0.20187683E+04  0.51432494E-23  0.00000000E+00  0.26453014E-46
  0.20201369E+04  0.11524649E-22  0.00000000E+00  0.13281754E-45
  0.20215054E+04  0.25666222E-22  0.00000000E+00  0.65875497E-45
  0.20228739E+04  0.56812026E-22  0.00000000E+00  0.32276063E-44
  0.20242424E+04  0.12498638E-21  0.00000000E+00  0.15621596E-43
  0.20256109E+04  0.27329344E-21  0.00000000E+00  0.74689303E-43
  0.20269795E+04  0.59393621E-21  0.00000000E+00  0.35276023E-42
  0.20283480E+04  0.12829050E-20  0.00000000E+00  0.16458452E-41
  0.20297165E+04  0.27541861E-20  0.00000000E+00  0.75855411E-41
  0.20310850E+04  0.58767357E-20  0.00000000E+00  0.34536023E-40
  0.20324536E+04  0.12463015E-19  0.00000000E+00  0.15532675E-39
  0.20338221E+04  0.26269644E-19  0.00000000E+00  0.69009421E-39
  0.20351906E+04  0.55033780E-19  0.00000000E+00  0.30287170E-38
  0.20365591E+04  0.11459049E-18  0.00000000E+00  0.13130981E-37
  0.20379277E+04  0.23714388E-18  0.00000000E+00  0.56237222E-37
  0.20392962E+04  0.48777480E-18  0.00000000E+00  0.23792425E-36
  0.20406647E+04  0.99717385E-18  0.00000000E+00  0.99435568E-36
  0.20420332E+04  0.20261262E-17  0.00000000E+00  0.41051874E-35
  0.20434018E+04  0.40917228E-17  0.00000000E+00  0.16742195E-34
  0.20447703E+04  0.82127764E-17  0.00000000E+00  0.67449696E-34
  0.20461388E+04  0.16383923E-16  0.00000000E+00  0.26843292E-33
  0.20475073E+04  0.32485523E-16  0.00000000E+00  0.10553092E-32
  0.20488759E+04  0.64018566E-16  0.00000000E+00  0.40983768E-32
  0.20502444E+04  0.12539093E-15  0.00000000E+00  0.15722884E-31
  0.20516129E+04  0.24410145E-15  0.00000000E+00  0.59585520E-31
  0.20529814E+04  0.47230084E-15  0.00000000E+00  0.22306808E-30
  0.20543500E+04  0.90826203E-15  0.00000000E+00  0.82493992E-30
  0.20557185E+04  0.17359919E-14  0.00000000E+00  0.30136679E-29
  0.20570870E+04  0.32978304E-14  0.00000000E+00  0.10875686E-28
  0.20584555E+04  0.62266297E-14  0.00000000E+00  0.38770917E-28
  0.20598240E+04  0.11684815E-13  0.00000000E+00  0.13653491E-27
  0.20611926E+04  0.21793890E-13  0.00000000E+00  0.47497364E-27
  0.20625611E+04  0.40400966E-13  0.00000000E+00  0.16322380E-26
  0.20639296E+04  0.74437681E-13  0.00000000E+00  0.55409683E-26
  0.20652981E+04  0.13631323E-12  0.00000000E+00  0.18581297E-25
  0.20666667E+04  0.24810030E-12  0.00000000E+00  0.61553757E-25
  0.20680352E+04  0.44880806E-12  0.00000000E+00  0.20142867E-24
  0.20694037E+04  0.80693416E-12  0.00000000E+00  0.65114274E-24
  0.20707722E+04  0.14419814E-11  0.00000000E+00  0.20793103E-23
  0.20721408E+04  0.25610926E-11  0.00000000E+00  0.65591955E-23
  0.20735093E+04  0.45210053E-11  0.00000000E+00  0.20439489E-22
  0.20748778E+04  0.79321120E-11  0.00000000E+00  0.62918402E-22
  0.20762463E+04  0.13832057E-10  0.00000000E+00  0.19132579E-21
  0.20776149E+04  0.23973352E-10  0.00000000E+00  0.57472161E-21
  0.20789834E+04  0.41296654E-10  0.00000000E+00  0.17054136E-20
  0.20803519E+04  0.70704174E-10  0.00000000E+00  0.49990802E-20
  0.20817204E+04  0.12031488E-09  0.00000000E+00  0.14475670E-19
  0.20830890E+04  0.20348749E-09  0.00000000E+00  0.41407158E-19
  0.20844575E+04  0.34205834E-09  0.00000000E+00  0.11700391E-18
  0.20858260E+04  0.57148750E-09  0.00000000E+00  0.32659797E-18
  0.20871945E+04  0.94898072E-09  0.00000000E+00  0.90056441E-18
  0.20885630E+04  0.15662177E-08  0.00000000E+00  0.24530380E-17
  0.20899316E+04  0.25691589E-08  0.00000000E+00  0.66005776E-17
  0.20913001E+04  0.41886483E-08  0.00000000E+00  0.17544775E-16
  0.20926686E+04  0.67873605E-08  0.00000000E+00  0.46068263E-16
  0.20940371E+04  0.10931305E-07  0.00000000E+00  0.11949344E-15
  0.20954057E+04  0.17497953E-07  0.00000000E+00  0.30617834E-15
  0.20967742E+04  0.27838545E-07  0.00000000E+00  0.77498458E-15
  0.20981427E+04  0.44019988E-07  0.00000000E+00  0.19377593E-14
  0.20995112E+04  0.69182683E-07  0.00000000E+00  0.47862436E-14
  0.21008798E+04  0.10806597E-06  0.00000000E+00  0.11678255E-13
  0.21022483E+04  0.16777399E-06  0.00000000E+00  0.28148112E-13
  0.21036168E+04  0.25888351E-06  0.00000000E+00  0.67020672E-13
  0.21049853E+04  0.39703449E-06  0.00000000E+00  0.15763639E-12
  0.21063539E+04  0.60519618E-06  0.00000000E+00  0.36626242E-12
  0.21077224E+04  0.91687095E-06  0.00000000E+00  0.84065233E-12
  0.21090909E+04  0.13805888E-05  0.00000000E+00  0.19060253E-11
  0.21104594E+04  0.20661629E-05  0.00000000E+00  0.42690290E-11
  0.21118280E+04  0.30733276E-05  0.00000000E+00  0.94453428E-11
  0.21131965E+04  0.45435704E-05  0.00000000E+00  0.20644032E-10
  0.21145650E+04  0.66762064E-05  0.00000000E+00  0.44571732E-10
  0.21159335E+04  0.97500387E-05  0.00000000E+00  0.95063255E-10
  0.21173021E+04  0.14152300E-04  0.00000000E+00  0.20028759E-09
  0.21186706E+04  0.20416993E-04  0.00000000E+00  0.41685361E-09
  0.21200391E+04  0.29275252E-04  0.00000000E+00  0.85704039E-09
  0.21214076E+04  0.41720893E-04  0.00000000E+00  0.17406329E-08
  0.21227761E+04  0.59094987E-04  0.00000000E+00  0.34922175E-08
  0.21241447E+04  0.83193957E-04  0.00000000E+00  0.69212345E-08
  0.21255132E+04  0.11640644E-03  0.00000000E+00  0.13550459E-07
  0.21268817E+04  0.16188490E-03  0.00000000E+00  0.26206720E-07
  0.21282502E+04  0.22375860E-03  0.00000000E+00  0.50067913E-07
  0.21296188E+04  0.30739532E-03  0.00000000E+00  0.94491882E-07
  0.21309873E+04  0.41971921E-03  0.00000000E+00  0.17616422E-06
  0.21323558E+04  0.56959286E-03  0.00000000E+00  0.32443603E-06
  0.21337243E+04  0.76827079E-03  0.00000000E+00  0.59024000E-06
  0.21350929E+04  0.10299311E-02  0.00000000E+00  0.10607582E-05
  0.21364614E+04  0.13722908E-02  0.00000000E+00  0.18831821E-05
  0.21378299E+04  0.18173066E-02  0.00000000E+00  0.33026035E-05
  0.21391984E+04  0.23919625E-02  0.00000000E+00  0.57214846E-05
  0.21405670E+04  0.31291372E-02  0.00000000E+00  0.97914997E-05
  0.21419355E+04  0.40685433E-02  0.00000000E+00  0.16553044E-04
  0.21433040E+04  0.52577189E-02  0.00000000E+00  0.27643609E-04
  0.21446725E+04  0.67530487E-02  0.00000000E+00  0.45603667E-04
  0.21460411E+04  0.86207787E-02  0.00000000E+00  0.74317825E-04
  0.21474096E+04  0.10937982E-01  0.00000000E+00  0.11963945E-03
  0.21487781E+04  0.13793421E-01  0.00000000E+00  0.19025846E-03
  0.21501466E+04  0.17288244E-01  0.00000000E+00  0.29888337E-03
  0.21515152E+04  0.21536437E-01  0.00000000E+00  0.46381812E-03
  0.21528837E+04  0.26664959E-01  0.00000000E+00  0.71102006E-03
  0.21542522E+04  0.32813465E-01  0.00000000E+00  0.10767235E-02
  0.21556207E+04  0.40133528E-01  0.00000000E+00  0.16107001E-02
  0.21569892E+04  0.48787289E-01  0.00000000E+00  0.23801996E-02
  0.21583578E+04  0.58945428E-01  0.00000000E+00  0.34745635E-02
  0.21597263E+04  0.70784417E-01  0.00000000E+00  0.50104337E-02
  0.21610948E+04  0.84482991E-01  0.00000000E+00  0.71373758E-02
  0.21624633E+04  0.10021783E+00  0.00000000E+00  0.10043613E-01
  0.21638319E+04  0.11815845E+00  0.00000000E+00  0.13961420E-01
  0.21652004E+04  0.13846139E+00  0.00000000E+00  0.19171558E-01
  0.21665689E+04  0.16126373E+00  0.00000000E+00  0.26005990E-01
  0.21679374E+04  0.18667612E+00  0.00000000E+00  0.34847975E-01
  0.21693060E+04  0.21477560E+00  0.00000000E+00  0.46128560E-01
  0.21706745E+04  0.24559822E+00  0.00000000E+00  0.60318486E-01
  0.21720430E+04  0.27913197E+00  0.00000000E+00  0.77914655E-01
  0.21734115E+04  0.31531021E+00  0.00000000E+00  0.99420526E-01
  0.21747801E+04  0.35400596E+00  0.00000000E+00  0.12532022E+00
  0.21761486E+04  0.39502739E+00  0.00000000E+00  0.15604664E+00
  0.21775171E+04  0.43811481E+00  0.00000000E+00  0.19194459E+00
  0.21788856E+04  0.48293953E+00  0.00000000E+00  0.23323059E+00
  0.21802542E+04  0.52910475E+00  0.00000000E+00  0.27995184E+00
  0.21816227E+04  0.57614881E+00  0.00000000E+00  0.33194745E+00
  0.21829912E+04  0.62355069E+00  0.00000000E+00  0.38881546E+00
  0.21843597E+04  0.67073806E+00  0.00000000E+00  0.44988955E+00
  0.21857283E+04  0.71709754E+00  0.00000000E+00  0.51422888E+00
  0.21870968E+04  0.76198707E+00  0.00000000E+00  0.58062430E+00
  0.21884653E+04  0.80475015E+00  0.00000000E+00  0.64762280E+00
  0.21898338E+04  0.84473137E+00  0.00000000E+00  0.71357108E+00
  0.21912023E+04  0.88129290E+00  0.00000000E+00  0.77667717E+00
  0.21925709E+04  0.91383126E+00  0.00000000E+00  0.83508757E+00
  0.21939394E+04  0.94179383E+00  0.00000000E+00  0.88697562E+00
  0.21953079E+04  0.96469442E+00  0.00000000E+00  0.93063532E+00
  0.21966764E+04  0.98212730E+00  0.00000000E+00  0.96457403E+00
  0.21980450E+04  0.99377917E+00  0.00000000E+00  0.98759704E+00
  0.21994135E+04  0.99943853E+00  0.00000000E+00  0.99887738E+00
  0.22007820E+04  0.99900206E+00  0.00000000E+00  0.99800511E+00
  0.22021505E+04  0.99247772E+00  0.00000000E+00  0.98501203E+00
  0.22035191E+04  0.97998458E+00  0.00000000E+00  0.96036978E+00
  0.22048876E+04  0.96174915E+00  0.00000000E+00  0.92496143E+00
  0.22062561E+04  0.93809857E+00  0.00000000E+00  0.88002892E+00
  0.22076246E+04  0.90945083E+00  0.00000000E+00  0.82710082E+00
  0.22089932E+04  0.87630254E+00  0.00000000E+00  0.76790614E+00
  0.22103617E+04  0.83921455E+00  0.00000000E+00  0.70428106E+00
  0.22117302E+04  0.79879628E+00  0.00000000E+00  0.63807550E+00
  0.22130987E+04  0.75568910E+00  0.00000000E+00  0.57106601E+00
  0.22144673E+04  0.71054955E+00  0.00000000E+00  0.50488066E+00
  0.22158358E+04  0.66403302E+00  0.00000000E+00  0.44093985E+00
  0.22172043E+04  0.61677828E+00  0.00000000E+00  0.38041544E+00
  0.22185728E+04  0.56939357E+00  0.00000000E+00  0.32420904E+00
  0.22199413E+04  0.52244447E+00  0.00000000E+00  0.27294823E+00
  0.22213099E+04  0.47644395E+00  0.00000000E+00  0.22699883E+00
  0.22226784E+04  0.43184468E+00  0.00000000E+00  0.18648983E+00
  0.22240469E+04  0.38903389E+00  0.00000000E+00  0.15134737E+00
  0.22254154E+04  0.34833041E+00  0.00000000E+00  0.12133407E+00
  0.22267840E+04  0.30998411E+00  0.00000000E+00  0.96090146E-01
  0.22281525E+04  0.27417734E+00  0.00000000E+00  0.75173214E-01
  0.22295210E+04  0.24102816E+00  0.00000000E+00  0.58094574E-01
  0.22308895E+04  0.21059502E+00  0.00000000E+00  0.44350264E-01
  0.22322581E+04  0.18288265E+00  0.00000000E+00  0.33446065E-01
  0.22336266E+04  0.15784870E+00  0.00000000E+00  0.24916213E-01
  0.22349951E+04  0.13541089E+00  0.00000000E+00  0.18336110E-01
  0.22363636E+04  0.11545435E+00  0.00000000E+00  0.13329707E-01
  0.22377322E+04  0.97838790E-01  0.00000000E+00  0.95724288E-02
  0.22391007E+04  0.82405451E-01  0.00000000E+00  0.67906584E-02
  0.22404692E+04  0.68983449E-01  0.00000000E+00  0.47587162E-02
  0.22418377E+04  0.57395515E-01  0.00000000E+00  0.32942451E-02
  0.22432063E+04  0.47462991E-01  0.00000000E+00  0.22527355E-02
  0.22445748E+04  0.39010035E-01  0.00000000E+00  0.15217828E-02
  0.22459433E+04  0.31867036E-01  0.00000000E+00  0.10155080E-02
  0.22473118E+04  0.25873256E-01  0.00000000E+00  0.66942540E-03
  0.22486804E+04  0.20878755E-01  0.00000000E+00  0.43592243E-03
  0.22500489E+04  0.16745658E-01  0.00000000E+00  0.28041706E-03
  0.22514174E+04  0.13348852E-01  0.00000000E+00  0.17819185E-03
  0.22527859E+04  0.10576201E-01  0.00000000E+00  0.11185603E-03
  0.22541544E+04  0.83283618E-02  0.00000000E+00  0.69361611E-04
  0.22555230E+04  0.65182882E-02  0.00000000E+00  0.42488081E-04
  0.22568915E+04  0.50705098E-02  0.00000000E+00  0.25710070E-04
  0.22582600E+04  0.39202502E-02  0.00000000E+00  0.15368362E-04
  0.22596285E+04  0.30124513E-02  0.00000000E+00  0.90748629E-05
  0.22609971E+04  0.23007550E-02  0.00000000E+00  0.52934737E-05
  0.22623656E+04  0.17464848E-02  0.00000000E+00  0.30502092E-05
  0.22637341E+04  0.13176599E-02  0.00000000E+00  0.17362277E-05
  0.22651026E+04  0.98806601E-03  0.00000000E+00  0.97627444E-06
  0.22664712E+04  0.73639812E-03  0.00000000E+00  0.54228219E-06
  0.22678397E+04  0.54548583E-03  0.00000000E+00  0.29755479E-06
  0.22692082E+04  0.40160431E-03  0.00000000E+00  0.16128602E-06
  0.22705767E+04  0.29387142E-03  0.00000000E+00  0.86360413E-07
  0.22719453E+04  0.21372751E-03  0.00000000E+00  0.45679450E-07
  0.22733138E+04  0.15449257E-03  0.00000000E+00  0.23867955E-07
  0.22746823E+04  0.11099384E-03  0.00000000E+00  0.12319632E-07
  0.22760508E+04  0.79256379E-04  0.00000000E+00  0.62815736E-08
  0.22774194E+04  0.56248853E-04  0.00000000E+00  0.31639335E-08
  0.22787879E+04  0.39676852E-04  0.00000000E+00  0.15742526E-08
  0.22801564E+04  0.27816651E-04  0.00000000E+00  0.77376608E-09
  0.22815249E+04  0.19382802E-04  0.00000000E+00  0.37569303E-09
  0.22828935E+04  0.13423704E-04  0.00000000E+00  0.18019584E-09
  0.22842620E+04  0.92400068E-05  0.00000000E+00  0.85377726E-10
  0.22856305E+04  0.63214439E-05  0.00000000E+00  0.39960653E-10
  0.22869990E+04  0.42983758E-05  0.00000000E+00  0.18476035E-10
  0.22883675E+04  0.29049360E-05  0.00000000E+00  0.84386531E-11
  0.22897361E+04  0.19512497E-05  0.00000000E+00  0.38073753E-11
  0.22911046E+04  0.13026664E-05  0.00000000E+00  0.16969397E-11
  0.22924731E+04  0.86436599E-06  0.00000000E+00  0.74712856E-12
  0.22938416E+04  0.57004117E-06  0.00000000E+00  0.32494694E-12
  0.22952102E+04  0.37364473E-06  0.00000000E+00  0.13961039E-12
  0.22965787E+04  0.24341963E-06  0.00000000E+00  0.59253118E-13
  0.22979472E+04  0.15761460E-06  0.00000000E+00  0.24842361E-13
  0.22993157E+04  0.10143349E-06  0.00000000E+00  0.10288752E-13
  0.23006843E+04  0.64879929E-07  0.00000000E+00  0.42094052E-14
  0.23020528E+04  0.41246155E-07  0.00000000E+00  0.17012453E-14
  0.23034213E+04  0.26061575E-07  0.00000000E+00  0.67920571E-15
  0.23047898E+04  0.16366731E-07  0.00000000E+00  0.26786990E-15
  0.23061584E+04  0.10215681E-07  0.00000000E+00  0.10436014E-15
  0.23075269E+04  0.63374830E-08  0.00000000E+00  0.40163691E-16
  0.23088954E+04  0.39076024E-08  0.00000000E+00  0.15269357E-16
  0.23102639E+04  0.23946830E-08  0.00000000E+00  0.57345066E-17
  0.23116325E+04  0.14585784E-08  0.00000000E+00  0.21274509E-17
  0.23130010E+04  0.88298966E-09  0.00000000E+00  0.77967074E-18
  0.23143695E+04  0.53128255E-09  0.00000000E+00  0.28226115E-18
  0.23157380E+04  0.31771636E-09  0.00000000E+00  0.10094368E-18
  0.23171065E+04  0.18884161E-09  0.00000000E+00  0.35661154E-19
  0.23184751E+04  0.11155779E-09  0.00000000E+00  0.12445141E-19
  0.23198436E+04  0.65500740E-10  0.00000000E+00  0.42903469E-20
  0.23212121E+04  0.38224041E-10  0.00000000E+00  0.14610773E-20
  0.23225806E+04  0.22170275E-10  0.00000000E+00  0.49152110E-21
  0.23239492E+04  0.12780553E-10  0.00000000E+00  0.16334255E-21
  0.23253177E+04  0.73227183E-11  0.00000000E+00  0.53622204E-22
  0.23266862E+04  0.41700291E-11  0.00000000E+00  0.17389143E-22
  0.23280547E+04  0.23602062E-11  0.00000000E+00  0.55705732E-23
  0.23294233E+04  0.13277151E-11  0.00000000E+00  0.17628274E-23
  0.23307918E+04  0.74234182E-12  0.00000000E+00  0.55107138E-24
  0.23321603E+04  0.41252195E-12  0.00000000E+00  0.17017436E-24
  0.23335288E+04  0.22784226E-12  0.00000000E+00  0.51912095E-25
  0.23348974E+04  0.12507358E-12  0.00000000E+00  0.15643401E-25
  0.23362659E+04  0.68240311E-13  0.00000000E+00  0.46567401E-26
  0.23376344E+04  0.37005008E-13  0.00000000E+00  0.13693706E-26
  0.23390029E+04  0.19944543E-13  0.00000000E+00  0.39778479E-27
  0.23403715E+04  0.10683948E-13  0.00000000E+00  0.11414675E-27
  0.23417400E+04  0.56883138E-14  0.00000000E+00  0.32356913E-28
  0.23431085E+04  0.30100895E-14  0.00000000E+00  0.90606388E-29
  0.23444770E+04  0.15831402E-14  0.00000000E+00  0.25063328E-29
  0.23458456E+04  0.82756748E-15  0.00000000E+00  0.68486794E-30
  0.23472141E+04  0.42996347E-15  0.00000000E+00  0.18486859E-30
  0.23485826E+04  0.22202598E-15  0.00000000E+00  0.49295535E-31
  0.23499511E+04  0.11395152E-15  0.00000000E+00  0.12984949E-31
  0.23513196E+04  0.58127352E-16  0.00000000E+00  0.33787891E-32
  0.23526882E+04  0.29470333E-16  0.00000000E+00  0.86850055E-33
  0.23540567E+04  0.14850246E-16  0.00000000E+00  0.22052981E-33
  0.23554252E+04  0.74374892E-17  0.00000000E+00  0.55316245E-34
  0.23567937E+04  0.37022278E-17  0.00000000E+00  0.13706490E-34
  0.23581623E+04  0.18316564E-17  0.00000000E+00  0.33549652E-35
  0.23595308E+04  0.90067682E-18  0.00000000E+00  0.81121873E-36
  0.23608993E+04  0.44018785E-18  0.00000000E+00  0.19376534E-36
  0.23622678E+04  0.21382142E-18  0.00000000E+00  0.45719598E-37
  0.23636364E+04  0.10323060E-18  0.00000000E+00  0.10656557E-37
  0.23650049E+04  0.49534729E-19  0.00000000E+00  0.24536893E-38
  0.23663734E+04  0.23624097E-19  0.00000000E+00  0.55809796E-39
  0.23677419E+04  0.11198110E-19  0.00000000E+00  0.12539767E-39
  0.23691105E+04  0.52756789E-20  0.00000000E+00  0.27832788E-40
  0.23704790E+04  0.24703362E-20  0.00000000E+00  0.61025610E-41
  0.23718475E+04  0.11496823E-20  0.00000000E+00  0.13217695E-41
  0.23732160E+04  0.53179439E-21  0.00000000E+00  0.28280528E-42
  0.23745846E+04  0.24448586E-21  0.00000000E+00  0.59773334E-43
  0.23759531E+04  0.11171405E-21  0.00000000E+00  0.12480030E-43
  0.23773216E+04  0.50734803E-22  0.00000000E+00  0.25740203E-44
  0.23786901E+04  0.22900673E-22  0.00000000E+00  0.52444081E-45
  0.23800587E+04  0.10273882E-22  0.00000000E+00  0.10555266E-45
  0.23814272E+04  0.45810501E-23  0.00000000E+00  0.20986020E-46
  0.23827957E+04  0.20302035E-23  0.00000000E+00  0.41217263E-47
  0.23841642E+04  0.89424846E-24  0.00000000E+00  0.79968031E-48
  0.23855327E+04  0.39149022E-24  0.00000000E+00  0.15326459E-48
  0.23869013E+04  0.17034435E-24  0.00000000E+00  0.29017197E-49
  0.23882698E+04  0.73667959E-25  0.00000000E+00  0.54269681E-50
  0.23896383E+04  0.31664573E-25  0.00000000E+00  0.10026452E-50
  0.23910068E+04  0.13527350E-25  0.00000000E+00  0.18298919E-51
  0.23923754E+04  0.57437549E-26  0.00000000E+00  0.32990721E-52
  0.23937439E+04  0.24239473E-26  0.00000000E+00  0.58755205E-53
  0.23951124E+04  0.10167040E-26  0.00000000E+00  0.10336870E-53
  0.23964809E+04  0.42384786E-27  0.00000000E+00  0.17964701E-54
  0.23978495E+04  0.17561821E-27  0.00000000E+00  0.30841755E-55
  0.23992180E+04  0.72322459E-28  0.00000000E+00  0.52305380E-56
  0.24005865E+04  0.29601991E-28  0.00000000E+00  0.87627784E-57
  0.24019550E+04  0.12042391E-28  0.00000000E+00  0.14501919E-57
  0.24033236E+04  0.48690996E-29  0.00000000E+00  0.23708131E-58
  0.24046921E+04  0.19567199E-29  0.00000000E+00  0.38287528E-59
  0.24060606E+04  0.78154280E-30  0.00000000E+00  0.61080915E-60
  0.24074291E+04  0.31025655E-30  0.00000000E+00  0.96259127E-61
  0.24087977E+04  0.12241461E-30  0.00000000E+00  0.14985336E-61
  0.24101662E+04  0.48005348E-31  0.00000000E+00  0.23045134E-62
  0.24115347E+04  0.18710702E-31  0.00000000E+00  0.35009038E-63
  0.24129032E+04  0.72482748E-32  0.00000000E+00  0.52537488E-64
  0.24142717E+04  0.27907652E-32  0.00000000E+00  0.77883706E-65
  0.24156403E+04  0.10679626E-32  0.00000000E+00  0.11405441E-65
  0.24170088E+04  0.40619342E-33  0.00000000E+00  0.16499310E-66
  0.24183773E+04  0.15355141E-33  0.00000000E+00  0.23578036E-67
  0.24197458E+04  0.57692431E-34  0.00000000E+00  0.33284166E-68
  0.24211144E+04  0.21544080E-34  0.00000000E+00  0.46414738E-69
  0.24224829E+04  0.79961541E-35  0.00000000E+00  0.63938481E-70
  0.24238514E+04  0.29497041E-35  0.00000000E+00  0.87007543E-71
  0.24252199E+04  0.10814834E-35  0.00000000E+00  0.11696063E-71
  0.24265885E+04  0.39409899E-36  0.00000000E+00  0.15531402E-72
  0.24279570E+04  0.14273645E-36  0.00000000E+00  0.20373695E-73
  0.24293255E+04  0.51381711E-37  0.00000000E+00  0.26400802E-74
  0.24306940E+04  0.18383421E-37  0.00000000E+00  0.33795015E-75
  0.24320626E+04  0.65371458E-38  0.00000000E+00  0.42734275E-76
  0.24334311E+04  0.23104369E-38  0.00000000E+00  0.53381187E-77
  0.24347996E+04  0.81160394E-39  0.00000000E+00  0.65870096E-78
  0.24361681E+04  0.28335982E-39  0.00000000E+00  0.80292790E-79
  0.24375367E+04  0.98327838E-40  0.00000000E+00  0.96683638E-80
  0.24389052E+04  0.33912421E-40  0.00000000E+00  0.11500523E-80
  0.24402737E+04  0.11624792E-40  0.00000000E+00  0.13513580E-81
  0.24416422E+04  0.39605518E-41  0.00000000E+00  0.15685971E-82
  0.24430108E+04  0.13411282E-41  0.00000000E+00  0.17986248E-83
  0.24443793E+04  0.45136613E-42  0.00000000E+00  0.20373138E-84
  0.24457478E+04  0.15098428E-42  0.00000000E+00  0.22796253E-85
  0.24471163E+04  0.50197096E-43  0.00000000E+00  0.25197485E-86
  0.24484848E+04  0.16587065E-43  0.00000000E+00  0.27513073E-87
  0.24498534E+04  0.54475923E-44  0.00000000E+00  0.29676262E-88
  0.24512219E+04  0.17782128E-44  0.00000000E+00  0.31620408E-89
  0.24525904E+04  0.57690854E-45  0.00000000E+00  0.33282346E-90
  0.24539589E+04  0.18602627E-45  0.00000000E+00  0.34605775E-91
  0.24553275E+04  0.59619139E-46  0.00000000E+00  0.35544418E-92
  0.24566960E+04  0.18990710E-46  0.00000000E+00  0.36064708E-93
  0.24580645E+04  0.60123023E-47  0.00000000E+00  0.36147779E-94
  0.24594330E+04  0.18918404E-47  0.00000000E+00  0.35790602E-95
  0.24608016E+04  0.59166010E-48  0.00000000E+00  0.35006167E-96
  0.24621701E+04  0.18390950E-48  0.00000000E+00  0.33822703E-97
  0.24635386E+04  0.56817239E-49  0.00000000E+00  0.32281986E-98
  0.24649071E+04  0.17446173E-49  0.00000000E+00  0.30436897E-99
  0.24662757E+04  0.00000000E+00  0.00000000E+00  0.00000000E+00
  0.24676442E+04  0.00000000E+00  0.00000000E+00  0.00000000E+00
  0.24690127E+04  0.00000000E+00  0.00000000E+00  0.00000000E+00
  0.24703812E+04  0.00000000E+00  0.00000000E+00  0.00000000E+00
  0.24717498E+04  0.00000000E+00  0.00000000E+00  0.00000000E+00
  0.24731183E+04  0.00000000E+00  0.00000000E+00  0.00000000E+00
  0.24744868E+04  0.00000000E+00  0.00000000E+00  0.00000000E+00
  0.24758553E+04  0.00000000E+00  0.00000000E+00  0.00000000E+00
  0.24772239E+04  0.00000000E+00  0.00000000E+00  0.00000000E+00
  0.24785924E+04  0.00000000E+00  0.00000000E+00  0.00000000E+00
  0.24799609E+04  0.00000000E+00  0.00000000E+00  0.00000000E+00
  0.24813294E+04  0.00000000E+00  0.00000000E+00  0.00000000E+00
  0.24826979E+04  0.00000000E+00  0.00000000E+00  0.00000000E+00
  0.24840665E+04  0.00000000E+00  0.00000000E+00  0.00000000E+00
  0.24854350E+04  0.00000000E+00  0.00000000E+00  0.00000000E+00
  0.24868035E+04  0.00000000E+00  0.00000000E+00  0.00000000E+00
  0.24881720E+04  0.00000000E+00  0.00000000E+00  0.00000000E+00
  0.24895406E+04  0.00000000E+00  0.00000000E+00  0.00000000E+00
  0.24909091E+04  0.00000000E+00  0.00000000E+00  0.00000000E+00
  0.24922776E+04  0.00000000E+00  0.00000000E+00  0.00000000E+00
  0.24936461E+04  0.00000000E+00  0.00000000E+00  0.00000000E+00
  0.24950147E+04  0.00000000E+00  0.00000000E+00  0.00000000E+00
  0.24963832E+04  0.00000000E+00  0.00000000E+00  0.00000000E+00
  0.24977517E+04  0.00000000E+00  0.00000000E+00  0.00000000E+00
  0.24991202E+04  0.00000000E+00  0.00000000E+00  0.00000000E+00
  0.25004888E+04  0.00000000E+00  0.00000000E+00  0.00000000E+00
  0.25018573E+04  0.00000000E+00  0.00000000E+00  0.00000000E+00
  0.25032258E+04  0.00000000E+00  0.00000000E+00  0.00000000E+00
  0.25045943E+04  0.00000000E+00  0.00000000E+00  0.00000000E+00
  0.25059629E+04  0.00000000E+00  0.00000000E+00  0.00000000E+00
  0.25073314E+04  0.00000000E+00  0.00000000E+00  0.00000000E+00
  0.25086999E+04  0.00000000E+00  0.00000000E+00  0.00000000E+00
  0.25100684E+04  0.00000000E+00  0.00000000E+00  0.00000000E+00
  0.25114370E+04  0.00000000E+00  0.00000000E+00  0.00000000E+00
  0.25128055E+04  0.00000000E+00  0.00000000E+00  0.00000000E+00
  0.25141740E+04  0.00000000E+00  0.00000000E+00  0.00000000E+00
  0.25155425E+04  0.00000000E+00  0.00000000E+00  0.00000000E+00
  0.25169110E+04  0.00000000E+00  0.00000000E+00  0.00000000E+00
  0.25182796E+04  0.00000000E+00  0.00000000E+00  0.00000000E+00
  0.25196481E+04  0.00000000E+00  0.00000000E+00  0.00000000E+00
  0.25210166E+04  0.00000000E+00  0.00000000E+00  0.00000000E+00
  0.25223851E+04  0.00000000E+00  0.00000000E+00  0.00000000E+00
  0.25237537E+04  0.00000000E+00  0.00000000E+00  0.00000000E+00
  0.25251222E+04  0.00000000E+00  0.00000000E+00  0.00000000E+00
  0.25264907E+04  0.00000000E+00  0.00000000E+00  0.00000000E+00
  0.25278592E+04  0.00000000E+00  0.00000000E+00  0.00000000E+00
  0.25292278E+04  0.00000000E+00  0.00000000E+00  0.00000000E+00
  0.25305963E+04  0.00000000E+00  0.00000000E+00  0.00000000E+00
  0.25319648E+04  0.00000000E+00  0.00000000E+00  0.00000000E+00
  0.25333333E+04  0.00000000E+00  0.00000000E+00  0.00000000E+00
  0.25347019E+04  0.00000000E+00  0.00000000E+00  0.00000000E+00
  0.25360704E+04  0.00000000E+00  0.00000000E+00  0.00000000E+00
  0.25374389E+04  0.00000000E+00  0.00000000E+00  0.00000000E+00
  0.25388074E+04  0.00000000E+00  0.00000000E+00  0.00000000E+00
  0.25401760E+04  0.00000000E+00  0.00000000E+00  0.00000000E+00
  0.25415445E+04  0.00000000E+00  0.00000000E+00  0.00000000E+00
  0.25429130E+04  0.00000000E+00  0.00000000E+00  0.00000000E+00
  0.25442815E+04  0.00000000E+00  0.00000000E+00  0.00000000E+00
  0.25456500E+04  0.00000000E+00  0.00000000E+00  0.00000000E+00
  0.25470186E+04  0.00000000E+00  0.00000000E+00  0.00000000E+00
  0.25483871E+04  0.00000000E+00  0.00000000E+00  0.00000000E+00
  0.25497556E+04  0.00000000E+00  0.00000000E+00  0.00000000E+00
  0.25511241E+04  0.00000000E+00  0.00000000E+00  0.00000000E+00
  0.25524927E+04  0.00000000E+00  0.00000000E+00  0.00000000E+00
  0.25538612E+04  0.00000000E+00  0.00000000E+00  0.00000000E+00
  0.25552297E+04  0.00000000E+00  0.00000000E+00  0.00000000E+00
  0.25565982E+04  0.00000000E+00  0.00000000E+00  0.00000000E+00
  0.25579668E+04  0.00000000E+00  0.00000000E+00  0.00000000E+00
  0.25593353E+04  0.00000000E+00  0.00000000E+00  0.00000000E+00
  0.25607038E+04  0.00000000E+00  0.00000000E+00  0.00000000E+00
  0.25620723E+04  0.00000000E+00  0.00000000E+00  0.00000000E+00
  0.25634409E+04  0.00000000E+00  0.00000000E+00  0.00000000E+00
  0.25648094E+04  0.00000000E+00  0.00000000E+00  0.00000000E+00
  0.25661779E+04  0.00000000E+00  0.00000000E+00  0.00000000E+00
  0.25675464E+04  0.00000000E+00  0.00000000E+00  0.00000000E+00
  0.25689150E+04  0.00000000E+00  0.00000000E+00  0.00000000E+00
  0.25702835E+04  0.00000000E+00  0.00000000E+00  0.00000000E+00
  0.25716520E+04  0.00000000E+00  0.00000000E+00  0.00000000E+00
  0.25730205E+04  0.00000000E+00  0.00000000E+00  0.00000000E+00
  0.25743891E+04  0.00000000E+00  0.00000000E+00  0.00000000E+00
  0.25757576E+04  0.00000000E+00  0.00000000E+00  0.00000000E+00
  0.25771261E+04  0.00000000E+00  0.00000000E+00  0.00000000E+00
  0.25784946E+04  0.00000000E+00  0.00000000E+00  0.00000000E+00
  0.25798631E+04  0.00000000E+00  0.00000000E+00  0.00000000E+00
  0.25812317E+04  0.00000000E+00  0.00000000E+00  0.00000000E+00
  0.25826002E+04  0.00000000E+00  0.00000000E+00  0.00000000E+00
  0.25839687E+04  0.00000000E+00  0.00000000E+00  0.00000000E+00
  0.25853372E+04  0.00000000E+00  0.00000000E+00  0.00000000E+00
  0.25867058E+04  0.00000000E+00  0.00000000E+00  0.00000000E+00
  0.25880743E+04  0.00000000E+00  0.00000000E+00  0.00000000E+00
  0.25894428E+04  0.00000000E+00  0.00000000E+00  0.00000000E+00
  0.25908113E+04  0.00000000E+00  0.00000000E+00  0.00000000E+00
  0.25921799E+04  0.00000000E+00  0.00000000E+00  0.00000000E+00
  0.25935484E+04  0.00000000E+00  0.00000000E+00  0.00000000E+00
  0.25949169E+04  0.00000000E+00  0.00000000E+00  0.00000000E+00
  0.25962854E+04  0.00000000E+00  0.00000000E+00  0.00000000E+00
  0.25976540E+04  0.00000000E+00  0.00000000E+00  0.00000000E+00
  0.25990225E+04  0.00000000E+00  0.00000000E+00  0.00000000E+00
  0.26003910E+04  0.00000000E+00  0.00000000E+00  0.00000000E+00
  0.26017595E+04  0.00000000E+00  0.00000000E+00  0.00000000E+00
  0.26031281E+04  0.00000000E+00  0.00000000E+00  0.00000000E+00
  0.26044966E+04  0.00000000E+00  0.00000000E+00  0.00000000E+00
  0.26058651E+04  0.00000000E+00  0.00000000E+00  0.00000000E+00
  0.26072336E+04  0.00000000E+00  0.00000000E+00  0.00000000E+00
  0.26086022E+04  0.00000000E+00  0.00000000E+00  0.00000000E+00
  0.26099707E+04  0.00000000E+00  0.00000000E+00  0.00000000E+00
  0.26113392E+04  0.00000000E+00  0.00000000E+00  0.00000000E+00
  0.26127077E+04  0.00000000E+00  0.00000000E+00  0.00000000E+00
  0.26140762E+04  0.00000000E+00  0.00000000E+00  0.00000000E+00
  0.26154448E+04  0.00000000E+00  0.00000000E+00  0.00000000E+00
  0.26168133E+04  0.00000000E+00  0.00000000E+00  0.00000000E+00
  0.26181818E+04  0.00000000E+00  0.00000000E+00  0.00000000E+00
  0.26195503E+04  0.00000000E+00  0.00000000E+00  0.00000000E+00
  0.26209189E+04  0.00000000E+00  0.00000000E+00  0.00000000E+00
  0.26222874E+04  0.00000000E+00  0.00000000E+00  0.00000000E+00
  0.26236559E+04  0.00000000E+00  0.00000000E+00  0.00000000E+00
  0.26250244E+04  0.00000000E+00  0.00000000E+00  0.00000000E+00
  0.26263930E+04  0.00000000E+00  0.00000000E+00  0.00000000E+00
  0.26277615E+04  0.00000000E+00  0.00000000E+00  0.00000000E+00
  0.26291300E+04  0.00000000E+00  0.00000000E+00  0.00000000E+00
  0.26304985E+04  0.00000000E+00  0.00000000E+00  0.00000000E+00
  0.26318671E+04  0.00000000E+00  0.00000000E+00  0.00000000E+00
  0.26332356E+04  0.00000000E+00  0.00000000E+00  0.00000000E+00
  0.26346041E+04  0.00000000E+00  0.00000000E+00  0.00000000E+00
  0.26359726E+04  0.00000000E+00  0.00000000E+00  0.00000000E+00
  0.26373412E+04  0.00000000E+00  0.00000000E+00  0.00000000E+00
  0.26387097E+04  0.00000000E+00  0.00000000E+00  0.00000000E+00
  0.26400782E+04  0.00000000E+00  0.00000000E+00  0.00000000E+00
  0.26414467E+04  0.00000000E+00  0.00000000E+00  0.00000000E+00
  0.26428152E+04  0.00000000E+00  0.00000000E+00  0.00000000E+00
  0.26441838E+04  0.00000000E+00  0.00000000E+00  0.00000000E+00
  0.26455523E+04  0.00000000E+00  0.00000000E+00  0.00000000E+00
  0.26469208E+04  0.00000000E+00  0.00000000E+00  0.00000000E+00
  0.26482893E+04  0.00000000E+00  0.00000000E+00  0.00000000E+00
  0.26496579E+04  0.00000000E+00  0.00000000E+00  0.00000000E+00
  0.26510264E+04  0.00000000E+00  0.00000000E+00  0.00000000E+00
  0.26523949E+04  0.00000000E+00  0.00000000E+00  0.00000000E+00
  0.26537634E+04  0.00000000E+00  0.00000000E+00  0.00000000E+00
  0.26551320E+04  0.00000000E+00  0.00000000E+00  0.00000000E+00
  0.26565005E+04  0.00000000E+00  0.00000000E+00  0.00000000E+00
  0.26578690E+04  0.00000000E+00  0.00000000E+00  0.00000000E+00
  0.26592375E+04  0.00000000E+00  0.00000000E+00  0.00000000E+00
  0.26606061E+04  0.00000000E+00  0.00000000E+00  0.00000000E+00
  0.26619746E+04  0.00000000E+00  0.00000000E+00  0.00000000E+00
  0.26633431E+04  0.00000000E+00  0.00000000E+00  0.00000000E+00
  0.26647116E+04  0.00000000E+00  0.00000000E+00  0.00000000E+00
  0.26660802E+04  0.00000000E+00  0.00000000E+00  0.00000000E+00
  0.26674487E+04  0.00000000E+00  0.00000000E+00  0.00000000E+00
  0.26688172E+04  0.00000000E+00  0.00000000E+00  0.00000000E+00
  0.26701857E+04  0.00000000E+00  0.00000000E+00  0.00000000E+00
  0.26715543E+04  0.00000000E+00  0.00000000E+00  0.00000000E+00
  0.26729228E+04  0.00000000E+00  0.00000000E+00  0.00000000E+00
  0.26742913E+04  0.00000000E+00  0.00000000E+00  0.00000000E+00
  0.26756598E+04  0.00000000E+00  0.00000000E+00  0.00000000E+00
  0.26770283E+04  0.00000000E+00  0.00000000E+00  0.00000000E+00
  0.26783969E+04  0.00000000E+00  0.00000000E+00  0.00000000E+00
  0.26797654E+04  0.00000000E+00  0.00000000E+00  0.00000000E+00
  0.26811339E+04  0.00000000E+00  0.00000000E+00  0.00000000E+00
  0.26825024E+04  0.00000000E+00  0.00000000E+00  0.00000000E+00
  0.26838710E+04  0.00000000E+00  0.00000000E+00  0.00000000E+00
  0.26852395E+04  0.00000000E+00  0.00000000E+00  0.00000000E+00
  0.26866080E+04  0.00000000E+00  0.00000000E+00  0.00000000E+00
  0.26879765E+04  0.00000000E+00  0.00000000E+00  0.00000000E+00
  0.26893451E+04  0.00000000E+00  0.00000000E+00  0.00000000E+00
  0.26907136E+04  0.00000000E+00  0.00000000E+00  0.00000000E+00
  0.26920821E+04  0.00000000E+00  0.00000000E+00  0.00000000E+00
  0.26934506E+04  0.00000000E+00  0.00000000E+00  0.00000000E+00
  0.26948192E+04  0.00000000E+00  0.00000000E+00  0.00000000E+00
  0.26961877E+04  0.00000000E+00  0.00000000E+00  0.00000000E+00
  0.26975562E+04  0.00000000E+00  0.00000000E+00  0.00000000E+00
  0.26989247E+04  0.00000000E+00  0.00000000E+00  0.00000000E+00
  0.27002933E+04  0.00000000E+00  0.00000000E+00  0.00000000E+00
  0.27016618E+04  0.00000000E+00  0.00000000E+00  0.00000000E+00
  0.27030303E+04  0.00000000E+00  0.00000000E+00  0.00000000E+00
  0.27043988E+04  0.00000000E+00  0.00000000E+00  0.00000000E+00
  0.27057674E+04  0.00000000E+00  0.00000000E+00  0.00000000E+00
  0.27071359E+04  0.00000000E+00  0.00000000E+00  0.00000000E+00
  0.27085044E+04  0.00000000E+00  0.00000000E+00  0.00000000E+00
  0.27098729E+04  0.00000000E+00  0.00000000E+00  0.00000000E+00
  0.27112414E+04  0.00000000E+00  0.00000000E+00  0.00000000E+00
  0.27126100E+04  0.00000000E+00  0.00000000E+00  0.00000000E+00
  0.27139785E+04  0.00000000E+00  0.00000000E+00  0.00000000E+00
  0.27153470E+04  0.00000000E+00  0.00000000E+00  0.00000000E+00
  0.27167155E+04  0.00000000E+00  0.00000000E+00  0.00000000E+00
  0.27180841E+04  0.00000000E+00  0.00000000E+00  0.00000000E+00
  0.27194526E+04  0.00000000E+00  0.00000000E+00  0.00000000E+00
  0.27208211E+04  0.00000000E+00  0.00000000E+00  0.00000000E+00
  0.27221896E+04  0.00000000E+00  0.00000000E+00  0.00000000E+00
  0.27235582E+04  0.00000000E+00  0.00000000E+00  0.00000000E+00
  0.27249267E+04  0.00000000E+00  0.00000000E+00  0.00000000E+00
  0.27262952E+04  0.00000000E+00  0.00000000E+00  0.00000000E+00
  0.27276637E+04  0.00000000E+00  0.00000000E+00  0.00000000E+00
  0.27290323E+04  0.00000000E+00  0.00000000E+00  0.00000000E+00
  0.27304008E+04  0.00000000E+00  0.00000000E+00  0.00000000E+00
  0.27317693E+04  0.00000000E+00  0.00000000E+00  0.00000000E+00
  0.27331378E+04  0.00000000E+00  0.00000000E+00  0.00000000E+00
  0.27345064E+04  0.00000000E+00  0.00000000E+00  0.00000000E+00
  0.27358749E+04  0.00000000E+00  0.00000000E+00  0.00000000E+00
  0.27372434E+04  0.00000000E+00  0.00000000E+00  0.00000000E+00
  0.27386119E+04  0.00000000E+00  0.00000000E+00  0.00000000E+00
  0.27399804E+04  0.00000000E+00  0.00000000E+00  0.00000000E+00
  0.27413490E+04  0.00000000E+00  0.00000000E+00  0.00000000E+00
  0.27427175E+04  0.00000000E+00  0.00000000E+00  0.00000000E+00
  0.27440860E+04  0.00000000E+00  0.00000000E+00  0.00000000E+00
  0.27454545E+04  0.00000000E+00  0.00000000E+00  0.00000000E+00
  0.27468231E+04  0.00000000E+00  0.00000000E+00  0.00000000E+00
  0.27481916E+04  0.00000000E+00  0.00000000E+00  0.00000000E+00
  0.27495601E+04  0.00000000E+00  0.00000000E+00  0.00000000E+00
  0.27509286E+04  0.00000000E+00  0.00000000E+00  0.00000000E+00
  0.27522972E+04  0.00000000E+00  0.00000000E+00  0.00000000E+00
  0.27536657E+04  0.00000000E+00  0.00000000E+00  0.00000000E+00
  0.27550342E+04  0.00000000E+00  0.00000000E+00  0.00000000E+00
  0.27564027E+04  0.00000000E+00  0.00000000E+00  0.00000000E+00
  0.27577713E+04  0.00000000E+00  0.00000000E+00  0.00000000E+00
  0.27591398E+04  0.00000000E+00  0.00000000E+00  0.00000000E+00
  0.27605083E+04  0.00000000E+00  0.00000000E+00  0.00000000E+00
  0.27618768E+04  0.00000000E+00  0.00000000E+00  0.00000000E+00
  0.27632454E+04  0.00000000E+00  0.00000000E+00  0.00000000E+00
  0.27646139E+04  0.00000000E+00  0.00000000E+00  0.00000000E+00
  0.27659824E+04  0.00000000E+00  0.00000000E+00  0.00000000E+00
  0.27673509E+04  0.00000000E+00  0.00000000E+00  0.00000000E+00
  0.27687195E+04  0.00000000E+00  0.00000000E+00  0.00000000E+00
  0.27700880E+04  0.00000000E+00  0.00000000E+00  0.00000000E+00
  0.27714565E+04  0.00000000E+00  0.00000000E+00  0.00000000E+00
  0.27728250E+04  0.00000000E+00  0.00000000E+00  0.00000000E+00
  0.27741935E+04  0.00000000E+00  0.00000000E+00  0.00000000E+00
  0.27755621E+04  0.00000000E+00  0.00000000E+00  0.00000000E+00
  0.27769306E+04  0.00000000E+00  0.00000000E+00  0.00000000E+00
  0.27782991E+04  0.00000000E+00  0.00000000E+00  0.00000000E+00
  0.27796676E+04  0.00000000E+00  0.00000000E+00  0.00000000E+00
  0.27810362E+04  0.00000000E+00  0.00000000E+00  0.00000000E+00
  0.27824047E+04  0.00000000E+00  0.00000000E+00  0.00000000E+00
  0.27837732E+04  0.00000000E+00  0.00000000E+00  0.00000000E+00
  0.27851417E+04  0.00000000E+00  0.00000000E+00  0.00000000E+00
  0.27865103E+04  0.00000000E+00  0.00000000E+00  0.00000000E+00
  0.27878788E+04  0.00000000E+00  0.00000000E+00  0.00000000E+00
  0.27892473E+04  0.00000000E+00  0.00000000E+00  0.00000000E+00
  0.27906158E+04  0.00000000E+00  0.00000000E+00  0.00000000E+00
  0.27919844E+04  0.00000000E+00  0.00000000E+00  0.00000000E+00
  0.27933529E+04  0.00000000E+00  0.00000000E+00  0.00000000E+00
  0.27947214E+04  0.00000000E+00  0.00000000E+00  0.00000000E+00
  0.27960899E+04  0.00000000E+00  0.00000000E+00  0.00000000E+00
  0.27974585E+04  0.00000000E+00  0.00000000E+00  0.00000000E+00
  0.27988270E+04  0.00000000E+00  0.00000000E+00  0.00000000E+00
  0.28001955E+04  0.00000000E+00  0.00000000E+00  0.00000000E+00
  0.28015640E+04  0.00000000E+00  0.00000000E+00  0.00000000E+00
  0.28029326E+04  0.00000000E+00  0.00000000E+00  0.00000000E+00
  0.28043011E+04  0.00000000E+00  0.00000000E+00  0.00000000E+00
  0.28056696E+04  0.00000000E+00  0.00000000E+00  0.00000000E+00
  0.28070381E+04  0.00000000E+00  0.00000000E+00  0.00000000E+00
  0.28084066E+04  0.00000000E+00  0.00000000E+00  0.00000000E+00
  0.28097752E+04  0.00000000E+00  0.00000000E+00  0.00000000E+00
  0.28111437E+04  0.00000000E+00  0.00000000E+00  0.00000000E+00
  0.28125122E+04  0.00000000E+00  0.00000000E+00  0.00000000E+00
  0.28138807E+04  0.00000000E+00  0.00000000E+00  0.00000000E+00
  0.28152493E+04  0.00000000E+00  0.00000000E+00  0.00000000E+00
  0.28166178E+04  0.00000000E+00  0.00000000E+00  0.00000000E+00
  0.28179863E+04  0.00000000E+00  0.00000000E+00  0.00000000E+00
  0.28193548E+04  0.00000000E+00  0.00000000E+00  0.00000000E+00
  0.28207234E+04  0.00000000E+00  0.00000000E+00  0.00000000E+00
  0.28220919E+04  0.00000000E+00  0.00000000E+00  0.00000000E+00
  0.28234604E+04  0.00000000E+00  0.00000000E+00  0.00000000E+00
  0.28248289E+04  0.00000000E+00  0.00000000E+00  0.00000000E+00
  0.28261975E+04  0.00000000E+00  0.00000000E+00  0.00000000E+00
  0.28275660E+04  0.00000000E+00  0.00000000E+00  0.00000000E+00
  0.28289345E+04  0.00000000E+00  0.00000000E+00  0.00000000E+00
  0.28303030E+04  0.00000000E+00  0.00000000E+00  0.00000000E+00
  0.28316716E+04  0.00000000E+00  0.00000000E+00  0.00000000E+00
  0.28330401E+04  0.00000000E+00  0.00000000E+00  0.00000000E+00
  0.28344086E+04  0.00000000E+00  0.00000000E+00  0.00000000E+00
  0.28357771E+04  0.00000000E+00  0.00000000E+00  0.00000000E+00
  0.28371457E+04  0.00000000E+00  0.00000000E+00  0.00000000E+00
  0.28385142E+04  0.00000000E+00  0.00000000E+00  0.00000000E+00
  0.28398827E+04  0.00000000E+00  0.00000000E+00  0.00000000E+00
  0.28412512E+04  0.00000000E+00  0.00000000E+00  0.00000000E+00
  0.28426197E+04  0.00000000E+00  0.00000000E+00  0.00000000E+00
  0.28439883E+04  0.00000000E+00  0.00000000E+00  0.00000000E+00
  0.28453568E+04  0.00000000E+00  0.00000000E+00  0.00000000E+00
  0.28467253E+04  0.00000000E+00  0.00000000E+00  0.00000000E+00
  0.28480938E+04  0.00000000E+00  0.00000000E+00  0.00000000E+00
  0.28494624E+04  0.00000000E+00  0.00000000E+00  0.00000000E+00
  0.28508309E+04  0.00000000E+00  0.00000000E+00  0.00000000E+00
  0.28521994E+04  0.00000000E+00  0.00000000E+00  0.00000000E+00
  0.28535679E+04  0.00000000E+00  0.00000000E+00  0.00000000E+00
  0.28549365E+04  0.00000000E+00  0.00000000E+00  0.00000000E+00
  0.28563050E+04  0.00000000E+00  0.00000000E+00  0.00000000E+00
  0.28576735E+04  0.00000000E+00  0.00000000E+00  0.00000000E+00
  0.28590420E+04  0.00000000E+00  0.00000000E+00  0.00000000E+00
  0.28604106E+04  0.00000000E+00  0.00000000E+00  0.00000000E+00
  0.28617791E+04  0.00000000E+00  0.00000000E+00  0.00000000E+00
  0.28631476E+04  0.00000000E+00  0.00000000E+00  0.00000000E+00
  0.28645161E+04  0.00000000E+00  0.00000000E+00  0.00000000E+00
  0.28658847E+04  0.00000000E+00  0.00000000E+00  0.00000000E+00
  0.28672532E+04  0.00000000E+00  0.00000000E+00  0.00000000E+00
  0.28686217E+04  0.00000000E+00  0.00000000E+00  0.00000000E+00
  0.28699902E+04  0.00000000E+00  0.00000000E+00  0.00000000E+00
  0.28713587E+04  0.00000000E+00  0.00000000E+00  0.00000000E+00
  0.28727273E+04  0.00000000E+00  0.00000000E+00  0.00000000E+00
  0.28740958E+04  0.00000000E+00  0.00000000E+00  0.00000000E+00
  0.28754643E+04  0.00000000E+00  0.00000000E+00  0.00000000E+00
  0.28768328E+04  0.00000000E+00  0.00000000E+00  0.00000000E+00
  0.28782014E+04  0.00000000E+00  0.00000000E+00  0.00000000E+00
  0.28795699E+04  0.00000000E+00  0.00000000E+00  0.00000000E+00
  0.28809384E+04  0.00000000E+00  0.00000000E+00  0.00000000E+00
  0.28823069E+04  0.00000000E+00  0.00000000E+00  0.00000000E+00
  0.28836755E+04  0.00000000E+00  0.00000000E+00  0.00000000E+00
  0.28850440E+04  0.00000000E+00  0.00000000E+00  0.00000000E+00
  0.28864125E+04  0.00000000E+00  0.00000000E+00  0.00000000E+00
  0.28877810E+04  0.00000000E+00  0.00000000E+00  0.00000000E+00
  0.28891496E+04  0.00000000E+00  0.00000000E+00  0.00000000E+00
  0.28905181E+04  0.00000000E+00  0.00000000E+00  0.00000000E+00
  0.28918866E+04  0.00000000E+00  0.00000000E+00  0.00000000E+00
  0.28932551E+04  0.00000000E+00  0.00000000E+00  0.00000000E+00
  0.28946237E+04  0.00000000E+00  0.00000000E+00  0.00000000E+00
  0.28959922E+04  0.00000000E+00  0.00000000E+00  0.00000000E+00
  0.28973607E+04  0.00000000E+00  0.00000000E+00  0.00000000E+00
  0.28987292E+04  0.00000000E+00  0.00000000E+00  0.00000000E+00
  0.29000978E+04  0.00000000E+00  0.00000000E+00  0.00000000E+00
  0.29014663E+04  0.00000000E+00  0.00000000E+00  0.00000000E+00
  0.29028348E+04  0.00000000E+00  0.00000000E+00  0.00000000E+00
  0.29042033E+04  0.00000000E+00  0.00000000E+00  0.00000000E+00
  0.29055718E+04  0.00000000E+00  0.00000000E+00  0.00000000E+00
  0.29069404E+04  0.00000000E+00  0.00000000E+00  0.00000000E+00
  0.29083089E+04  0.00000000E+00  0.00000000E+00  0.00000000E+00
  0.29096774E+04  0.00000000E+00  0.00000000E+00  0.00000000E+00
  0.29110459E+04  0.00000000E+00  0.00000000E+00  0.00000000E+00
  0.29124145E+04  0.00000000E+00  0.00000000E+00  0.00000000E+00
  0.29137830E+04  0.00000000E+00  0.00000000E+00  0.00000000E+00
  0.29151515E+04  0.00000000E+00  0.00000000E+00  0.00000000E+00
  0.29165200E+04  0.00000000E+00  0.00000000E+00  0.00000000E+00
  0.29178886E+04  0.00000000E+00  0.00000000E+00  0.00000000E+00
  0.29192571E+04  0.00000000E+00  0.00000000E+00  0.00000000E+00
  0.29206256E+04  0.00000000E+00  0.00000000E+00  0.00000000E+00
  0.29219941E+04  0.00000000E+00  0.00000000E+00  0.00000000E+00
  0.29233627E+04  0.00000000E+00  0.00000000E+00  0.00000000E+00
  0.29247312E+04  0.00000000E+00  0.00000000E+00  0.00000000E+00
  0.29260997E+04  0.00000000E+00  0.00000000E+00  0.00000000E+00
  0.29274682E+04  0.00000000E+00  0.00000000E+00  0.00000000E+00
  0.29288368E+04  0.00000000E+00  0.00000000E+00  0.00000000E+00
  0.29302053E+04  0.00000000E+00  0.00000000E+00  0.00000000E+00
  0.29315738E+04  0.00000000E+00  0.00000000E+00  0.00000000E+00
  0.29329423E+04  0.00000000E+00  0.00000000E+00  0.00000000E+00
  0.29343109E+04  0.00000000E+00  0.00000000E+00  0.00000000E+00
  0.29356794E+04  0.00000000E+00  0.00000000E+00  0.00000000E+00
  0.29370479E+04  0.00000000E+00  0.00000000E+00  0.00000000E+00
  0.29384164E+04  0.00000000E+00  0.00000000E+00  0.00000000E+00
  0.29397849E+04  0.00000000E+00  0.00000000E+00  0.00000000E+00
  0.29411535E+04  0.00000000E+00  0.00000000E+00  0.00000000E+00
  0.29425220E+04  0.00000000E+00  0.00000000E+00  0.00000000E+00
  0.29438905E+04  0.00000000E+00  0.00000000E+00  0.00000000E+00
  0.29452590E+04  0.00000000E+00  0.00000000E+00  0.00000000E+00
  0.29466276E+04  0.00000000E+00  0.00000000E+00  0.00000000E+00
  0.29479961E+04  0.00000000E+00  0.00000000E+00  0.00000000E+00
  0.29493646E+04  0.00000000E+00  0.00000000E+00  0.00000000E+00
  0.29507331E+04  0.00000000E+00  0.00000000E+00  0.00000000E+00
  0.29521017E+04  0.00000000E+00  0.00000000E+00  0.00000000E+00
  0.29534702E+04  0.00000000E+00  0.00000000E+00  0.00000000E+00
  0.29548387E+04  0.00000000E+00  0.00000000E+00  0.00000000E+00
  0.29562072E+04  0.00000000E+00  0.00000000E+00  0.00000000E+00
  0.29575758E+04  0.00000000E+00  0.00000000E+00  0.00000000E+00
  0.29589443E+04  0.00000000E+00  0.00000000E+00  0.00000000E+00
  0.29603128E+04  0.00000000E+00  0.00000000E+00  0.00000000E+00
  0.29616813E+04  0.00000000E+00  0.00000000E+00  0.00000000E+00
  0.29630499E+04  0.00000000E+00  0.00000000E+00  0.00000000E+00
  0.29644184E+04  0.00000000E+00  0.00000000E+00  0.00000000E+00
  0.29657869E+04  0.00000000E+00  0.00000000E+00  0.00000000E+00
  0.29671554E+04  0.00000000E+00  0.00000000E+00  0.00000000E+00
  0.29685239E+04  0.00000000E+00  0.00000000E+00  0.00000000E+00
  0.29698925E+04  0.00000000E+00  0.00000000E+00  0.00000000E+00
  0.29712610E+04  0.00000000E+00  0.00000000E+00  0.00000000E+00
  0.29726295E+04  0.00000000E+00  0.00000000E+00  0.00000000E+00
  0.29739980E+04  0.00000000E+00  0.00000000E+00  0.00000000E+00
  0.29753666E+04  0.00000000E+00  0.00000000E+00  0.00000000E+00
  0.29767351E+04  0.00000000E+00  0.00000000E+00  0.00000000E+00
  0.29781036E+04  0.00000000E+00  0.00000000E+00  0.00000000E+00
  0.29794721E+04  0.00000000E+00  0.00000000E+00  0.00000000E+00
  0.29808407E+04  0.00000000E+00  0.00000000E+00  0.00000000E+00
  0.29822092E+04  0.00000000E+00  0.00000000E+00  0.00000000E+00
  0.29835777E+04  0.00000000E+00  0.00000000E+00  0.00000000E+00
  0.29849462E+04  0.00000000E+00  0.00000000E+00  0.00000000E+00
  0.29863148E+04  0.00000000E+00  0.00000000E+00  0.00000000E+00
  0.29876833E+04  0.00000000E+00  0.00000000E+00  0.00000000E+00
  0.29890518E+04  0.00000000E+00  0.00000000E+00  0.00000000E+00
  0.29904203E+04  0.00000000E+00  0.00000000E+00  0.00000000E+00
  0.29917889E+04  0.00000000E+00  0.00000000E+00  0.00000000E+00
  0.29931574E+04  0.00000000E+00  0.00000000E+00  0.00000000E+00
  0.29945259E+04  0.00000000E+00  0.00000000E+00  0.00000000E+00
  0.29958944E+04  0.00000000E+00  0.00000000E+00  0.00000000E+00
  0.29972630E+04  0.00000000E+00  0.00000000E+00  0.00000000E+00
  0.29986315E+04  0.00000000E+00  0.00000000E+00  0.00000000E+00
  0.30000000E+04  0.00000000E+00  0.00000000E+00  0.00000000E+00
